vetor pesos sinapticos original:
0.956938 0.847468 0.999329 0.588488 0.641438 0.657308 0.676717 0.143681 0.489029 0.748802 0.978057 
0.076601 0.486068 0.450301 0.555498 0.019074 0.471877 0.539201 0.690603 0.785302 0.528031 0.699179 
0.047700 0.735984 0.010071 0.049471 0.210913 0.793420 0.628346 0.528031 0.660024 0.137669 0.483688 
0.408918 0.342601 0.116031 0.464522 0.736351 0.497787 0.396313 0.911588 0.955443 0.888363 0.895779 
0.956389 0.521714 0.097201 0.516556 0.439741 0.770623 0.044588 0.219153 0.816828 0.827448 0.382305 
0.464736 0.954466 0.840144 0.920957 0.558184 0.227577 0.315195 0.746879 0.922605 0.820673 0.838649 
0.184698 0.836634 0.640187 0.962737 0.261696 0.666189 0.745262 0.540086 0.830531 0.121342 0.701468 
0.286416 0.006348 0.569933 0.765282 0.852809 0.074801 0.938932 0.304483 0.189093 0.526505 0.235298 
0.361278 0.479659 0.375317 0.216834 0.764336 0.432478 0.415662 0.244942 0.695608 0.203223 0.575671 
0.850093 0.118870 0.735099 0.022340 0.041475 0.975616 0.796045 0.174871 0.892331 0.554552 0.494644 
0.282235 0.431379 0.941923 0.555528 0.721885 0.372600 0.957121 0.135899 0.674947 0.713919 0.481857 
0.464400 0.335032 0.736442 0.587420 0.083254 0.306223 0.435102 0.367565 0.975646 0.346782 0.912503 
0.882321 0.358379 0.114994 0.766564 0.119449 0.422712 0.073000 0.003845 0.380169 0.802881 0.205298 
0.509384 0.994293 0.054842 0.707694 0.604389 0.772027 0.925993 0.303415 0.723136 0.098544 0.696951 
0.342357 0.740257 0.076998 0.377148 0.339763 0.979644 0.626850 0.034913 0.110630 0.436262 0.943388 
0.043794 0.156072 0.242042 0.224952 0.525864 0.457839 0.907346 0.074068 0.773888 0.337382 0.368633 
0.478317 0.933042 0.535478 0.374767 0.777795 0.723594 0.168981 0.241646 0.525163 0.486160 0.720725 
0.507797 0.644490 0.329997 0.718619 0.521348 0.794946 0.666616 0.260964 0.489944 0.346263 0.908780 
0.043275 0.024842 0.871456 0.617420 0.043428 0.710410 0.563250 0.876644 0.521439 0.730064 0.481155 
0.178564 0.489639 0.080447 0.034211 0.599322 0.310038 0.404523 0.606647 0.547105 0.574877 0.974914 
0.732444 0.863979 0.926481 0.859340 0.724662 0.562243 0.972869 0.798425 0.166448 0.976959 0.955596 
0.828120 0.169469 0.615589 0.325175 0.177038 0.805963 0.486373 0.881802 0.470901 0.621235 0.186254 
0.635853 0.774499 0.632344 0.529954 0.046113 0.502976 0.719230 0.001099 0.790857 0.733604 0.814753 
0.807398 0.728172 0.948881 0.800012 0.819788 0.202612 0.742790 0.510636 0.178259 0.353130 0.521195 
0.760918 0.844844 0.579669 0.727378 0.791681 0.884640 0.823939 0.624561 0.048189 0.757164 0.821039 
0.166021 0.694540 0.398541 0.978088 0.984588 0.770348 0.375805 0.035798 0.032167 0.396558 0.894894 
0.169897 0.901578 0.936308 0.943358 0.687796 0.360393 0.516709 0.348949 0.977508 0.129704 0.818903 
0.035890 0.864772 0.437849 0.541185 0.259102 0.034608 0.380749 0.442946 0.098483 0.673360 0.620594 
0.374310 0.994415 0.987976 0.453017 0.198706 0.604999 0.758324 0.775201 0.014252 0.767357 0.579058 
0.985260 0.580035 0.843348 0.947142 0.344859 0.353893 0.231391 0.851283 0.835597 0.047670 0.325724 
0.019593 0.041078 0.106479 0.703818 0.481887 0.085421 0.017640 0.823847 0.602252 0.159886 0.856502 
0.013092 0.239113 0.668355 0.974364 0.028748 0.188055 0.523392 0.235450 0.971892 0.564257 0.623981 
0.709037 0.836421 0.280740 0.045991 0.222602 0.474319 0.278451 0.976959 0.682974 0.257546 0.664510 
0.926023 0.570818 0.219001 0.414960 0.240791 0.515702 0.952940 0.798425 0.461928 0.357189 0.056429 
0.176153 0.546831 0.598468 0.393475 0.336009 0.493851 0.659047 0.961852 0.015381 0.398083 0.832331 
0.645497 0.769921 0.469955 0.354564 0.632618 0.844264 0.048158 0.491531 0.780816 0.201086 0.137822 
0.048647 0.711142 0.364422 0.505295 0.211768 0.911802 0.233711 0.860927 0.123630 0.632496 0.524857 
0.160955 0.103488 0.851711 0.994476 0.559862 0.915128 0.096835 0.103610 0.044099 0.990173 0.399731 
0.277169 0.279061 0.012696 0.167455 0.415113 0.699911 0.771477 0.251198 0.812250 0.377911 0.685812 
0.993042 0.142003 0.693594 0.911771 0.532701 0.661367 0.347301 0.434492 0.155492 0.292306 0.739525 
0.053194 0.962279 0.736869 0.250954 0.665090 0.642811 0.281320 0.454939 0.754112 0.634480 0.446303 
0.791955 0.491195 0.446303 0.138768 0.739006 0.352153 0.430708 0.462081 0.003967 0.659261 0.783593 
0.840785 0.776666 0.952849 0.054201 0.615802 0.567858 0.599475 0.946104 0.766900 0.667470 0.542528 
0.690268 0.917966 0.752953 0.601581 0.771813 0.282144 0.679586 0.226905 0.291421 0.702414 0.983459 
0.115452 0.742851 0.444136 0.128636 0.594195 0.487564 0.895932 0.029878 0.177221 0.708121 0.834925 
0.881710 0.203406 0.121067 0.412641 0.825556 0.959746 0.231056 0.518113 0.486099 0.197699 0.407056 
0.673727 0.907834 0.448439 0.562243 0.120975 0.923399 0.042634 0.718467 0.251747 0.484634 0.242225 
0.236976 0.041414 0.988189 0.389386 0.996216 0.640431 0.125828 0.479263 0.298074 0.779992 0.292154 
0.063112 0.784326 0.148869 0.079592 0.887539 0.143406 0.396832 0.892941 0.176183 0.890225 0.921415 
0.213935 0.960814 0.998688 0.093997 0.547899 0.366558 0.669759 0.081881 0.582904 0.259438 0.014893 
0.922147 0.593249 0.160863 0.937346 0.003388 0.618213 0.836085 0.991241 0.612751 0.447737 0.462874 
0.501236 0.702628 0.945524 0.786431 0.722526 0.535173 0.741722 0.166753 0.323588 0.359478 0.825800 
0.925077 0.972076 0.778558 0.070986 0.895230 0.305643 0.961669 0.221870 0.586261 0.069063 0.358928 
0.375744 0.862972 0.697958 0.074007 0.489731 0.549699 0.131565 0.551256 0.944365 0.864895 0.135319 
0.733360 0.694967 0.091250 0.913938 0.346416 0.042451 0.389294 0.297220 0.467727 0.554186 0.158849 
0.279427 0.033265 0.166692 0.856380 0.192846 0.441023 0.001312 0.673147 0.298135 0.905759 0.923795 
0.981292 0.071200 0.722617 0.379254 0.953398 0.969359 0.094699 0.534227 0.262459 0.956389 0.681722 
0.255989 0.268105 0.569384 0.525132 0.961425 0.595080 0.807550 0.507065 0.866176 0.511032 0.624226 
0.998138 0.665365 0.009064 0.304270 0.851344 0.177435 0.001770 0.507035 0.397839 0.981780 0.532640 
0.256661 0.600787 0.581988 0.411603 0.661031 0.023652 0.125797 0.180364 0.640400 0.769646 0.212775 
0.814264 0.447005 0.047182 0.821100 0.066561 0.257027 0.519761 0.885006 0.861751 0.616016 0.094150 
0.553545 0.643635 0.019013 0.305124 0.662557 0.085086 0.406934 0.951659 0.450362 0.065157 0.859951 
0.141362 0.049318 0.320109 0.269387 0.399915 0.783807 0.674429 0.269692 0.000275 0.805841 0.258278 
0.211097 0.169652 0.100253 0.617481 0.454604 0.329295 0.390240 0.122349 0.770684 0.023835 0.974090 
0.581530 0.122501 0.696249 0.025208 0.467269 0.615314 0.964873 0.386395 0.658223 0.893063 0.558550 
0.388958 0.105960 0.763421 0.566454 0.729148 0.331858 0.332774 0.158055 0.931852 0.159978 0.432173 
0.430860 0.433943 0.592792 0.615314 0.540452 0.817743 0.235481 0.510361 0.770775 0.226020 0.175573 
0.806391 0.699667 0.490341 0.723777 0.655843 0.116398 0.002991 0.922361 0.774194 0.847652 0.864803 
0.227332 0.018311 0.147496 0.339000 0.271035 0.724448 0.808710 0.143834 0.110446 0.587085 0.650380 
0.613392 0.868709 0.360485 0.539140 0.259438 0.174993 0.163366 0.599872 0.764702 0.309793 0.668569 
0.771752 0.939024 0.461287 0.958403 0.366558 0.669637 0.999451 0.327830 0.785272 0.396954 0.173803 
0.815668 0.048647 0.146886 0.141606 0.745689 0.299081 0.651021 0.731986 0.058840 0.929044 0.586077 
0.852718 0.717765 0.492660 0.463668 0.946074 0.964446 0.057253 0.201666 0.399487 0.713187 0.149968 
0.908597 0.317728 0.859218 0.956755 0.911863 0.562548 0.784692 0.929289 0.561907 0.466048 0.843135 
0.456648 0.842463 0.124546 0.103763 0.757439 0.318857 0.678152 0.136814 0.648915 0.455824 0.483535 
0.120914 0.349467 0.835017 0.585040 0.054292 0.970367 0.304788 0.391156 0.350627 0.853236 0.592639 
0.962340 0.600696 0.409680 0.411603 0.816065 0.781701 0.618824 0.592303 0.656148 0.694723 0.839503 
0.271645 0.931944 0.912259 0.093081 0.669118 0.633778 0.016480 0.473342 0.482589 0.231117 0.410077 
0.839290 0.434187 0.159520 0.480178 0.447768 0.998138 0.762627 0.397565 0.681509 0.841090 0.095462 
0.331553 0.529283 0.006958 0.495529 0.362072 0.974212 0.377056 0.327280 0.870724 0.946471 0.436689 
0.807245 0.690909 0.996796 0.879757 0.314890 0.799738 0.346904 0.082644 0.096713 0.831568 0.473128 
0.978332 0.768456 0.195379 0.879421 0.361980 0.522904 0.076907 0.216102 0.159948 0.448897 0.106662 
0.400769 0.692373 0.867855 0.975341 0.897061 0.461348 0.093966 0.777551 0.808069 0.495987 0.525040 
0.365734 0.940428 0.784997 0.468856 0.494583 0.495437 0.828547 0.612781 0.037965 0.543229 0.840632 
0.541887 0.059572 0.936430 0.632923 0.212256 0.017823 0.819575 0.711661 0.785546 0.887295 0.390606 
0.618397 0.731071 0.477126 0.070223 0.046541 0.602039 0.728050 0.736076 0.764306 0.391339 0.269051 
0.177190 0.875301 0.874203 0.015320 0.426038 0.448958 0.843043 0.088168 0.123051 0.050661 0.641255 
0.838618 0.571184 0.203803 0.902280 0.255654 0.635731 0.314768 0.899564 0.540819 0.146489 0.091983 
0.414563 0.129429 0.957915 0.990417 0.528367 0.941130 0.323496 0.712516 0.243233 0.139317 0.741508 
0.297403 0.340739 0.182531 0.927000 0.829005 0.382427 0.447188 0.067354 0.294229 0.259133 0.204566 
0.017335 0.623676 0.195654 0.232093 0.589618 0.444136 0.616382 0.840907 0.597430 0.576250 0.778954 
0.600513 0.805353 0.806757 0.581317 0.542070 0.444624 0.967864 0.449141 0.121372 0.449049 0.854335 
0.709555 0.723014 0.067873 0.009827 0.357219 0.986419 0.012116 0.913419 0.619465 0.735862 0.789819 
0.597858 0.226508 0.795038 0.387524 0.230903 0.792779 0.467513 0.953551 0.690573 0.216010 0.964782 
0.639241 0.665792 0.500290 0.562365 0.254952 0.313761 0.908750 0.766259 0.896725 0.005249 0.852962 
0.269814 0.199591 0.189032 0.424848 0.983398 0.374584 0.906430 0.977355 0.917112 0.684713 0.987915 
0.660085 0.198614 0.517014 0.462386 0.316568 0.006836 0.706351 0.210578 0.648915 0.702933 0.267373 
0.393902 0.056124 0.939756 0.191259 0.689932 0.052919 0.031129 0.462722 0.865719 0.674520 0.362255 
0.954161 0.720359 0.774071 0.121982 0.353221 0.927854 0.619129 0.139134 0.779473 0.811701 0.692923 
0.103214 0.246864 0.582202 0.107059 0.951292 0.628498 0.068178 0.531938 0.701987 0.278939 0.473830 
0.050783 0.518235 0.971618 0.192328 0.843867 0.279641 0.306436 0.207343 0.109012 0.445875 0.244911 
0.113742 0.124821 0.492264 0.927793 0.288461 0.862484 0.699118 0.432661 0.243233 0.052767 0.575549 
0.627186 0.690207 0.114597 0.699545 0.774010 0.351482 0.850734 0.255104 0.044252 0.044404 0.317515 
0.048036 0.595172 0.073122 0.774957 0.281503 0.368603 0.458235 0.122532 0.872524 0.266457 0.035554 
0.728355 0.590594 0.859249 0.955351 0.056215 0.800409 0.284219 0.612903 0.998749 0.088473 0.489181 
0.542497 0.320963 0.556566 0.478042 0.304910 0.122074 0.061769 0.714957 0.900876 0.720847 0.185675 
0.342540 0.740806 0.870846 0.212775 0.371105 0.702536 0.712455 0.900174 0.494583 0.308237 0.367107 
0.319559 0.689871 0.551714 0.580554 0.552599 0.255318 0.407239 0.321055 0.521165 0.445448 0.551408 
0.739036 0.733482 0.357067 0.329051 0.394147 0.227729 0.223823 0.494583 0.156499 0.493912 0.775445 
0.760033 0.687460 0.655721 0.817133 0.680746 0.907224 0.693228 0.686422 0.910581 0.354808 0.988006 
0.743095 0.357189 0.846797 0.971587 0.548296 0.269082 0.341258 0.158971 0.889828 0.785607 0.412976 
0.347758 0.308756 0.980834 0.246254 0.264870 0.285073 0.933256 0.551500 0.441694 0.736930 0.851741 
0.311930 0.598834 0.991089 0.789605 0.766747 0.322153 0.880276 0.977569 0.536454 0.310953 0.123661 
0.307505 0.297586 0.979492 0.646840 0.997528 0.912168 0.693594 0.997284 0.969878 0.418287 0.423078 
0.512131 0.973357 0.788995 0.091494 0.394024 0.980773 0.864101 0.404279 0.351207 0.893185 0.362712 
0.436934 0.958647 0.082034 0.382031 0.763848 0.395703 0.800470 0.288217 0.409803 0.717643 0.994751 
0.406842 0.404645 0.315806 0.547807 0.417737 0.222907 0.724174 0.485336 0.861660 0.889401 0.427351 
0.175970 0.664205 0.031983 0.827296 0.057253 0.083743 0.663198 0.023865 0.917753 0.989471 0.971007 
0.566729 0.267342 0.875423 0.901303 0.833583 0.826777 0.517624 0.812159 0.192145 0.667165 0.679647 
0.981719 0.601367 0.031556 0.773339 0.251076 0.808008 0.369335 0.880978 0.582842 0.795892 0.614429 
0.044954 0.817133 0.642720 0.239204 0.231269 0.406140 0.441664 0.115146 0.873043 0.408368 0.443525 
0.711020 0.400464 0.523850 0.075930 0.660298 0.663381 0.451765 0.995788 0.229286 0.652394 0.351543 
0.830866 0.716636 0.425428 0.688498 0.767632 0.315531 0.645466 0.245857 0.640431 0.470504 0.635670 
0.583819 0.679464 0.259255 0.358623 0.727134 0.572588 0.831385 0.225623 0.362499 0.998474 0.434706 
0.142003 0.327036 0.286142 0.060976 0.695425 0.668844 0.358196 0.241981 0.892697 0.061251 0.612995 
0.027039 0.351848 0.851833 0.903073 0.673727 0.355541 0.527146 0.264962 0.082369 0.671865 0.875301 
0.557817 0.506333 0.549089 0.626423 0.665914 0.568590 0.790643 0.853236 0.422193 0.116398 0.316080 
0.912687 0.908780 0.945158 0.114963 0.209601 0.290414 0.922239 0.999451 0.564226 0.837642 0.543168 
0.061617 0.463912 0.295572 0.450056 0.242927 0.981658 0.254646 0.944456 0.920438 0.641041 0.679434 
0.025575 0.917173 0.010437 0.252144 0.985260 0.842738 0.306528 0.686697 0.090396 0.169988 0.788812 
0.669668 0.385235 0.954588 0.226722 0.584643 0.143315 0.602741 0.220038 0.675924 0.001495 0.595019 
0.654012 0.807794 0.306833 0.570574 0.070498 0.475967 0.707327 0.679464 0.236732 0.227149 0.518418 
0.608570 0.692068 0.143071 0.896023 0.187780 0.554704 0.545061 0.347118 0.982391 0.369762 0.575854 
0.610096 0.777856 0.279000 0.814417 0.434828 0.363994 0.294626 0.580248 0.294961 0.523576 0.957427 
0.083438 0.562670 0.632618 0.161168 0.076601 0.177862 0.778283 0.424390 0.165136 0.342540 0.800348 
0.390149 0.431715 0.271859 0.162999 0.836299 0.531755 0.533341 0.062960 0.976104 0.915708 0.004639 
0.679861 0.331553 0.334422 0.982543 0.975829 0.960082 0.284249 0.472549 0.950072 0.315836 0.547624 
0.192450 0.754540 0.527360 0.485580 0.319254 0.577471 0.372143 0.238685 0.511826 0.700705 0.730033 
0.492325 0.239998 0.636799 0.796045 0.962493 0.951994 0.752861 0.834590 0.258797 0.110233 0.286721 
0.755699 0.280679 0.628437 0.162084 0.294748 0.802881 0.739616 0.508530 0.077151 0.406598 0.827265 
0.292978 0.348949 0.413007 0.250862 0.968932 0.654530 0.974487 0.696432 0.549181 0.243141 0.980438 
0.083865 0.008759 0.484970 0.934111 0.562273 0.424360 0.078310 0.455947 0.624317 0.756035 0.328990 
0.570421 0.870907 0.677969 0.283242 0.432173 0.457686 0.364238 0.995575 0.647938 0.754479 0.635914 
0.712149 0.850429 0.248329 0.375713 0.252235 0.680288 0.222816 0.616504 0.367260 0.832820 0.243171 
0.209845 0.360393 0.324839 0.979766 0.481033 0.746605 0.639271 0.400616 0.776421 0.235298 0.902127 
0.864406 0.309763 0.816492 0.749596 0.144658 0.213752 0.231361 0.040407 0.917661 0.202551 0.609394 
0.070437 0.743553 0.752190 0.552202 0.445296 0.073641 0.204688 0.446394 0.267434 0.313822 0.702231 
0.285806 0.794122 0.476119 0.357707 0.784967 0.222022 0.449232 0.567888 0.064730 0.755547 0.419752 
0.875179 0.691580 0.613788 0.474563 0.284829 0.351329 0.134098 0.916684 0.443312 0.939360 0.627125 
0.324625 0.583941 0.347667 0.139836 0.887814 0.646992 0.730766 0.783624 0.048036 0.479293 0.530992 
0.782556 0.979339 0.520463 0.045228 0.898892 0.936399 0.881649 0.813623 0.391614 0.003967 0.222999 
0.611835 0.164586 0.277718 0.336528 0.328257 0.260323 0.007599 0.839869 0.506943 0.355602 0.735954 
0.887844 0.838099 0.415540 0.960479 0.307901 0.376843 0.161870 0.354289 0.065706 0.771996 0.512131 
0.073611 0.466567 0.285470 0.645619 0.184545 0.000122 0.884548 0.852626 0.740440 0.233436 0.186926 
0.823237 0.540727 0.659139 0.541368 0.531571 0.102878 0.905179 0.023377 0.372356 0.878170 0.211921 
0.629200 0.705222 0.243049 0.583209 0.447432 0.463942 0.297250 0.517350 0.091006 0.986023 0.999512 
0.724631 0.169958 0.719321 0.672536 0.737175 0.086276 0.962065 0.408582 0.817835 0.932768 0.292001 
0.406384 0.074129 0.776025 0.841670 0.771050 0.183386 0.106082 0.075045 0.808161 0.635578 0.732933 
0.223029 0.343242 0.899869 0.911496 0.032868 0.097873 0.421430 0.976714 0.988617 0.653676 0.854427 
0.269265 0.658315 0.035310 0.437605 0.634022 0.324595 0.444258 0.918821 0.271340 0.554643 0.173772 
0.934385 0.223853 0.865688 0.236946 0.250038 0.278726 0.142705 0.739067 0.769402 0.567492 0.964354 
0.524949 0.716147 0.644246 0.492935 0.133335 0.896329 0.323710 0.085574 0.589099 0.447035 0.060213 
0.282144 0.064150 0.977783 0.149052 0.326273 0.939512 0.510269 0.531144 0.875973 0.298196 0.123814 
0.482833 0.059847 0.381726 0.711722 0.971252 0.535508 0.040254 0.755242 0.957366 0.705741 0.708304 
0.521531 0.427229 0.749596 0.937162 0.591662 0.433149 0.623890 0.015046 0.124790 0.925871 0.691733 
0.706626 0.765069 0.658956 0.134342 0.642598 0.597308 0.946776 0.802179 0.391247 0.057802 0.557054 
0.661824 0.742729 0.206397 0.519822 0.494888 0.237373 0.266152 0.133244 0.005066 0.469741 0.836818 
0.948180 0.989685 0.198920 0.688437 0.012238 0.731681 0.796991 0.541246 0.155492 0.269112 0.066378 
0.738212 0.597583 0.697287 0.958098 0.216285 0.659017 0.160619 0.220740 0.682852 0.856929 0.690329 
0.513535 0.403302 0.166875 0.543565 0.012299 0.506546 0.732139 0.201514 0.041932 0.213965 0.801050 
0.681173 0.764672 0.898709 0.174566 0.318369 0.456618 0.381176 0.944700 0.677602 0.403516 0.367199 
0.805048 0.744774 0.946745 0.434919 0.715079 0.059969 0.710776 0.476730 0.199103 0.945402 0.543992 
0.002838 0.061129 0.485519 0.203192 0.211951 0.797235 0.415357 0.313822 0.236244 0.486099 0.573351 
0.636555 0.465926 0.439833 0.074679 0.171911 0.360698 0.395215 0.861782 0.134251 0.653279 0.527604 
0.787866 0.325602 0.351970 0.068270 0.890133 0.941649 0.448500 0.806513 0.008362 0.340220 0.736717 
0.257485 0.405896 0.804437 0.649281 0.777978 0.548235 0.830561 0.518143 0.409864 0.696738 0.973022 
0.164769 0.734123 0.472488 0.777184 0.227119 0.515152 0.047456 0.831141 0.128849 0.417920 0.118748 
0.468032 0.097659 0.578295 0.322184 0.149876 0.138401 0.308237 0.241798 0.064577 0.367809 0.717124 
0.671194 0.966643 0.616596 0.530076 0.282998 0.793512 0.705435 0.885067 0.363079 0.088778 0.301157 
0.389691 0.764977 0.762810 0.758995 0.218818 0.741783 0.222877 0.857723 0.534806 0.810968 0.403455 
0.833338 0.010926 0.308573 0.728416 0.618030 0.739738 0.789483 0.535691 0.690390 0.307443 0.929106 
0.996673 0.443220 0.315500 0.083804 0.060366 0.475112 0.130680 0.165410 0.454787 0.712210 0.145024 
0.986602 0.275582 0.766137 0.326762 0.733055 0.194494 0.434767 0.343364 0.719199 0.817774 0.751579 
0.038331 0.082919 0.226203 0.490097 0.542650 0.576434 0.228370 0.529862 0.802210 0.108585 0.357707 
0.989776 0.802515 0.195959 0.145085 0.535417 0.271981 0.978027 0.698233 0.766320 0.144963 0.952971 
0.118442 0.089602 0.565783 0.090793 0.787286 0.986297 0.714927 0.479446 0.052950 0.076296 0.238868 
0.160131 0.348643 0.888699 0.564867 0.308969 0.273721 0.742912 0.881283 0.419843 0.669118 0.648122 
0.065493 0.646138 0.217811 0.625874 0.340434 0.956389 0.602557 0.363170 0.940550 0.261055 0.750664 
0.601703 0.568957 0.165929 0.198706 0.169713 0.927061 0.508957 0.107303 0.062654 0.097171 0.336375 
0.957274 0.479049 0.060549 0.474654 0.459120 0.217475 0.130833 0.354350 0.706534 0.341288 0.585223 
0.242103 0.104953 0.517197 0.273782 0.537309 0.107425 0.933714 0.488937 0.289010 0.287637 0.206030 
0.875576 0.590472 0.782586 0.173772 0.663594 0.006195 0.635395 0.997009 0.004089 0.688986 0.069918 
0.457747 0.690115 0.342265 0.228156 0.872768 0.043367 0.684774 0.401807 0.523728 0.248634 0.573077 
0.289193 0.011414 0.916074 0.438765 0.308878 0.440016 0.153752 0.196295 0.501205 0.837397 0.931181 
0.277779 0.048860 0.718436 0.014649 0.950957 0.947996 0.196936 0.256752 0.576617 0.860683 0.552538 
0.520157 0.961882 0.680715 0.659200 0.017518 0.465102 0.843165 0.180944 0.348918 0.009339 0.909421 
0.941832 0.017457 0.660085 0.459029 0.375561 0.704794 0.923582 0.819269 0.461837 0.087588 0.422437 
0.663839 0.054903 0.476577 0.104129 0.012116 0.011353 0.058535 0.639210 0.659841 0.022462 0.023591 
0.164739 0.572863 0.558458 0.358226 0.030519 0.274880 0.829829 0.585620 0.702567 0.760796 0.172826 
0.234504 0.481704 0.966369 0.764977 0.317972 0.192724 0.326060 0.076662 0.602893 0.500229 0.450026 
0.965728 0.951933 0.008057 0.451094 0.820429 0.519059 0.797845 0.954009 0.657857 0.079623 0.563494 
vetor pesos sinapticos final:
0.965652 0.856182 1.008042 0.597202 0.650152 0.666021 0.685431 0.152395 0.497742 0.757516 0.986771 
0.085315 0.494782 0.459014 0.564212 0.027788 0.480591 0.547915 0.699317 0.794016 0.536745 0.707893 
0.056414 0.744698 0.018785 0.058184 0.219627 0.802134 0.637059 0.536745 0.668737 0.146383 0.492401 
0.417631 0.351314 0.124745 0.473236 0.745064 0.506501 0.405027 0.920302 0.964157 0.897077 0.904493 
0.965103 0.530428 0.105915 0.525270 0.448455 0.779337 0.053301 0.227867 0.825542 0.836162 0.391019 
0.473449 0.963180 0.848858 0.929671 0.566897 0.236290 0.323909 0.755593 0.931319 0.829387 0.847362 
0.193412 0.845348 0.648900 0.971451 0.270410 0.674902 0.753976 0.548800 0.839244 0.130055 0.710182 
0.295130 0.015061 0.578647 0.773996 0.861523 0.083514 0.947646 0.313197 0.197806 0.535219 0.244011 
0.369992 0.488373 0.384030 0.225548 0.773050 0.441191 0.424376 0.253655 0.704322 0.211936 0.584384 
0.858807 0.127583 0.743813 0.031053 0.050188 0.984329 0.804758 0.183585 0.901044 0.563265 0.503358 
0.290949 0.440093 0.950637 0.564242 0.730598 0.381314 0.965835 0.144613 0.683661 0.722633 0.490570 
0.473114 0.343746 0.745156 0.596134 0.091968 0.314936 0.443816 0.376279 0.984360 0.355495 0.921217 
0.891034 0.367092 0.123707 0.775278 0.128163 0.431426 0.081714 0.012559 0.388883 0.811595 0.214012 
0.518098 1.003007 0.063555 0.716407 0.613102 0.780740 0.934706 0.312129 0.731850 0.107258 0.705665 
0.351070 0.748971 0.085712 0.385861 0.348476 0.988358 0.635564 0.043627 0.119343 0.444976 0.952102 
0.052508 0.164785 0.250756 0.233666 0.534578 0.466552 0.916059 0.082782 0.782602 0.346096 0.377347 
0.487030 0.941756 0.544191 0.383481 0.786508 0.732307 0.177695 0.250359 0.533876 0.494873 0.729439 
0.516511 0.653204 0.338710 0.727333 0.530061 0.803660 0.675329 0.269677 0.498658 0.354977 0.917494 
0.051989 0.033556 0.880170 0.626134 0.052141 0.719123 0.571963 0.885358 0.530153 0.738777 0.489868 
0.187277 0.498353 0.089160 0.042925 0.608036 0.318751 0.413236 0.615361 0.555819 0.583591 0.983627 
0.741158 0.872693 0.935195 0.868054 0.733376 0.570956 0.981583 0.807139 0.175162 0.985672 0.964309 
0.836833 0.178183 0.624302 0.333888 0.185752 0.814677 0.495087 0.890515 0.479614 0.629948 0.194968 
0.644567 0.783212 0.641057 0.538668 0.054827 0.511689 0.727943 0.009812 0.799570 0.742318 0.823466 
0.816111 0.736885 0.957595 0.808726 0.828502 0.211326 0.751504 0.519349 0.186972 0.361843 0.529909 
0.769632 0.853558 0.588382 0.736092 0.800394 0.893354 0.832652 0.633275 0.056902 0.765878 0.829753 
0.174734 0.703254 0.407255 0.986801 0.993302 0.779062 0.384519 0.044512 0.040880 0.405271 0.903608 
0.178610 0.910291 0.945022 0.952071 0.696509 0.369107 0.525423 0.357662 0.986221 0.138417 0.827617 
0.044603 0.873486 0.446563 0.549898 0.267816 0.043322 0.389463 0.451659 0.107197 0.682074 0.629308 
0.383023 1.003129 0.996689 0.461730 0.207420 0.613713 0.767038 0.783914 0.022966 0.776071 0.587772 
0.993973 0.588748 0.852062 0.955856 0.353573 0.362606 0.240105 0.859997 0.844310 0.056384 0.334438 
0.028307 0.049792 0.115193 0.712531 0.490601 0.094135 0.026353 0.832561 0.610966 0.168600 0.865216 
0.021806 0.247826 0.677069 0.983078 0.037462 0.196769 0.532106 0.244164 0.980606 0.572970 0.632695 
0.717750 0.845134 0.289453 0.054705 0.231316 0.483032 0.287165 0.985672 0.691687 0.266259 0.673224 
0.934737 0.579532 0.227714 0.423674 0.249505 0.524415 0.961654 0.807139 0.470642 0.365902 0.065142 
0.184866 0.555544 0.607182 0.402189 0.344722 0.502564 0.667761 0.970565 0.024095 0.406797 0.841045 
0.654211 0.778635 0.478668 0.363278 0.641332 0.852978 0.056872 0.500245 0.789530 0.209800 0.146535 
0.057360 0.719856 0.373135 0.514009 0.220482 0.920515 0.242424 0.869641 0.132344 0.641210 0.533571 
0.169668 0.112202 0.860424 1.003190 0.568576 0.923842 0.105549 0.112324 0.052813 0.998887 0.408445 
0.285883 0.287775 0.021409 0.176169 0.423826 0.708625 0.780191 0.259911 0.820964 0.386624 0.694526 
1.001755 0.150716 0.702308 0.920485 0.541414 0.670080 0.356014 0.443206 0.164205 0.301020 0.748238 
0.061907 0.970993 0.745583 0.259667 0.673804 0.651525 0.290033 0.463653 0.762826 0.643193 0.455016 
0.800669 0.499909 0.455016 0.147481 0.747719 0.360867 0.439421 0.470794 0.012681 0.667974 0.792307 
0.849499 0.785379 0.961563 0.062915 0.624516 0.576572 0.608189 0.954818 0.775613 0.676184 0.551241 
0.698981 0.926680 0.761666 0.610294 0.780527 0.290857 0.688300 0.235619 0.300135 0.711128 0.992173 
0.124165 0.751565 0.452849 0.137349 0.602909 0.496277 0.904646 0.038591 0.185935 0.716835 0.843639 
0.890424 0.212119 0.129781 0.421354 0.834270 0.968460 0.239769 0.526826 0.494812 0.206413 0.415770 
0.682440 0.916548 0.457153 0.570956 0.129689 0.932112 0.051348 0.727180 0.260461 0.493348 0.250939 
0.245690 0.050127 0.996903 0.398099 1.004929 0.649145 0.134541 0.487976 0.306788 0.788706 0.300867 
0.071826 0.793039 0.157583 0.088306 0.896253 0.152120 0.405546 0.901655 0.184897 0.898939 0.930128 
0.222648 0.969528 1.007401 0.102711 0.556612 0.375271 0.678473 0.090595 0.591617 0.268151 0.023607 
0.930861 0.601963 0.169577 0.946059 0.012101 0.626927 0.844799 0.999955 0.621464 0.456451 0.471588 
0.509950 0.711341 0.954238 0.795145 0.731239 0.543886 0.750435 0.175467 0.332301 0.368191 0.834514 
0.933791 0.980789 0.787271 0.079700 0.903944 0.314357 0.970382 0.230583 0.594974 0.077777 0.367642 
0.384458 0.871686 0.706672 0.082721 0.498444 0.558413 0.140279 0.559969 0.953078 0.873608 0.144033 
0.742073 0.703681 0.099964 0.922651 0.355129 0.051165 0.398008 0.305933 0.476440 0.562899 0.167562 
0.288141 0.041979 0.175406 0.865094 0.201560 0.449737 0.010026 0.681860 0.306849 0.914472 0.932509 
0.990006 0.079913 0.731331 0.387967 0.962112 0.978073 0.103413 0.542940 0.271173 0.965103 0.690436 
0.264703 0.276819 0.578097 0.533846 0.970138 0.603794 0.816264 0.515779 0.874890 0.519746 0.632939 
1.006852 0.674078 0.017778 0.312983 0.860058 0.186148 0.010484 0.515748 0.406553 0.990494 0.541353 
0.265374 0.609501 0.590702 0.420317 0.669745 0.032365 0.134511 0.189078 0.649114 0.778360 0.221489 
0.822978 0.455718 0.055895 0.829814 0.075274 0.265741 0.528474 0.893720 0.870465 0.624730 0.102863 
0.562258 0.652349 0.027727 0.313838 0.671270 0.093799 0.415647 0.960372 0.459075 0.073871 0.868664 
0.150075 0.058032 0.328822 0.278101 0.408628 0.792521 0.683142 0.278406 0.008988 0.814555 0.266992 
0.219810 0.178366 0.108967 0.626195 0.463317 0.338008 0.398954 0.131062 0.779398 0.032549 0.982803 
0.590244 0.131215 0.704963 0.033922 0.475983 0.624028 0.973587 0.395108 0.666937 0.901777 0.567263 
0.397672 0.114674 0.772134 0.575168 0.737862 0.340572 0.341487 0.166769 0.940566 0.168692 0.440886 
0.439574 0.442656 0.601505 0.624028 0.549166 0.826457 0.244194 0.519075 0.779489 0.234734 0.184287 
0.815104 0.708381 0.499055 0.732491 0.664556 0.125111 0.011704 0.931075 0.782907 0.856365 0.873517 
0.236046 0.027025 0.156210 0.347713 0.279749 0.733162 0.817424 0.152547 0.119160 0.595798 0.659094 
0.622105 0.877423 0.369198 0.547854 0.268151 0.183707 0.172079 0.608585 0.773416 0.318507 0.677283 
0.780466 0.947738 0.470001 0.967117 0.375271 0.678351 1.008164 0.336543 0.793985 0.405668 0.182517 
0.824382 0.057360 0.155599 0.150320 0.754403 0.307795 0.659734 0.740700 0.067553 0.937758 0.594791 
0.861431 0.726478 0.501374 0.472381 0.954787 0.973160 0.065966 0.210380 0.408201 0.721901 0.158682 
0.917311 0.326442 0.867932 0.965469 0.920576 0.571261 0.793406 0.938002 0.570620 0.474762 0.851848 
0.465362 0.851177 0.133260 0.112477 0.766153 0.327571 0.686865 0.145528 0.657629 0.464538 0.492249 
0.129628 0.358181 0.843731 0.593753 0.063006 0.979080 0.313502 0.399869 0.359341 0.861950 0.601353 
0.971054 0.609409 0.418394 0.420317 0.824779 0.790415 0.627537 0.601017 0.664862 0.703437 0.848217 
0.280359 0.940657 0.920973 0.101795 0.677832 0.642492 0.025194 0.482056 0.491303 0.239830 0.418791 
0.848003 0.442900 0.168234 0.488892 0.456481 1.006852 0.771341 0.406278 0.690222 0.849804 0.104176 
0.340267 0.537996 0.015672 0.504243 0.370785 0.982925 0.385770 0.335994 0.879437 0.955184 0.445403 
0.815959 0.699622 1.005509 0.888471 0.323604 0.808451 0.355618 0.091358 0.105427 0.840282 0.481842 
0.987045 0.777170 0.204093 0.888135 0.370694 0.531618 0.085620 0.224815 0.168661 0.457610 0.115376 
0.409483 0.701087 0.876568 0.984055 0.905775 0.470062 0.102680 0.786264 0.816783 0.504700 0.533754 
0.374447 0.949141 0.793711 0.477569 0.503297 0.504151 0.837261 0.621495 0.046679 0.551943 0.849346 
0.550600 0.068286 0.945144 0.641637 0.220970 0.026536 0.828288 0.720375 0.794260 0.896009 0.399320 
0.627110 0.739785 0.485840 0.078937 0.055254 0.610752 0.736763 0.744790 0.773019 0.400052 0.277765 
0.185904 0.884015 0.882916 0.024034 0.434752 0.457671 0.851757 0.096882 0.131764 0.059374 0.649969 
0.847332 0.579898 0.212516 0.910993 0.264367 0.644445 0.323482 0.908277 0.549532 0.155202 0.100696 
0.423277 0.138143 0.966629 0.999131 0.537081 0.949843 0.332210 0.721229 0.251946 0.148031 0.750222 
0.306117 0.349453 0.191245 0.935713 0.837718 0.391141 0.455901 0.076068 0.302943 0.267846 0.213279 
0.026048 0.632390 0.204368 0.240807 0.598331 0.452849 0.625096 0.849621 0.606144 0.584964 0.787668 
0.609226 0.814067 0.815470 0.590030 0.550783 0.453338 0.976578 0.457855 0.130086 0.457763 0.863049 
0.718269 0.731728 0.076587 0.018541 0.365933 0.995133 0.020829 0.922133 0.628178 0.744576 0.798533 
0.606571 0.235222 0.803751 0.396238 0.239617 0.801493 0.476227 0.962264 0.699286 0.224724 0.973495 
0.647954 0.674505 0.509004 0.571078 0.263665 0.322474 0.917463 0.774972 0.905439 0.013963 0.861675 
0.278528 0.208305 0.197745 0.433562 0.992112 0.383298 0.915144 0.986069 0.925825 0.693427 0.996628 
0.668798 0.207328 0.525728 0.471100 0.325282 0.015550 0.715065 0.219291 0.657629 0.711646 0.276086 
0.402616 0.064837 0.948470 0.199973 0.698646 0.061633 0.039843 0.471435 0.874432 0.683234 0.370968 
0.962875 0.729073 0.782785 0.130696 0.361935 0.936568 0.627843 0.147848 0.788187 0.820414 0.701636 
0.111927 0.255578 0.590915 0.115773 0.960006 0.637212 0.076892 0.540651 0.710700 0.287653 0.482544 
0.059496 0.526948 0.980331 0.201041 0.852581 0.288355 0.315150 0.216056 0.117726 0.454589 0.253625 
0.122456 0.133534 0.500977 0.936507 0.297175 0.871197 0.707832 0.441375 0.251946 0.061480 0.584262 
0.635900 0.698920 0.123311 0.708259 0.782724 0.360195 0.859448 0.263818 0.052965 0.053118 0.326228 
0.056750 0.603886 0.081836 0.783670 0.290216 0.377316 0.466949 0.131245 0.881238 0.275171 0.044268 
0.737068 0.599308 0.867962 0.964065 0.064929 0.809123 0.292933 0.621617 1.007462 0.097187 0.497895 
0.551211 0.329677 0.565280 0.486756 0.313624 0.130788 0.070483 0.723671 0.909590 0.729561 0.194388 
0.351253 0.749520 0.879559 0.221489 0.379819 0.711250 0.721168 0.908888 0.503297 0.316951 0.375821 
0.328273 0.698585 0.560427 0.589267 0.561312 0.264031 0.415953 0.329768 0.529878 0.454162 0.560122 
0.747750 0.742195 0.365780 0.337764 0.402860 0.236443 0.232536 0.503297 0.165213 0.502625 0.784158 
0.768747 0.696174 0.664434 0.825847 0.689460 0.915937 0.701942 0.695136 0.919294 0.363522 0.996720 
0.751809 0.365902 0.855511 0.980301 0.557009 0.277795 0.349972 0.167685 0.898542 0.794321 0.421690 
0.356472 0.317469 0.989548 0.254967 0.273584 0.293787 0.941970 0.560214 0.450408 0.745644 0.860455 
0.320643 0.607548 0.999802 0.798319 0.775461 0.330867 0.888990 0.986283 0.545168 0.319667 0.132375 
0.316218 0.306300 0.988205 0.655553 1.006242 0.920881 0.702308 1.005997 0.978592 0.427000 0.431792 
0.520845 0.982071 0.797709 0.100208 0.402738 0.989487 0.872815 0.412992 0.359921 0.901899 0.371426 
0.445647 0.967361 0.090747 0.390744 0.772561 0.404417 0.809184 0.296930 0.418516 0.726356 1.003464 
0.415556 0.413359 0.324519 0.556521 0.426451 0.231621 0.732887 0.494049 0.870373 0.898115 0.436064 
0.184683 0.672918 0.040697 0.836009 0.065966 0.092456 0.671911 0.032579 0.926466 0.998185 0.979721 
0.575442 0.276056 0.884137 0.910017 0.842296 0.835491 0.526338 0.820872 0.200858 0.675879 0.688361 
0.990433 0.610081 0.040270 0.782053 0.259789 0.816722 0.378049 0.889691 0.591556 0.804606 0.623143 
0.053667 0.825847 0.651433 0.247918 0.239983 0.414854 0.450377 0.123860 0.881757 0.417082 0.452239 
0.719734 0.409178 0.532564 0.084644 0.669012 0.672094 0.460479 1.004502 0.237999 0.661108 0.360256 
0.839580 0.725349 0.434142 0.697211 0.776346 0.324244 0.654180 0.254571 0.649145 0.479217 0.644384 
0.592533 0.688178 0.267968 0.367337 0.735848 0.581302 0.840099 0.234337 0.371212 1.007188 0.443419 
0.150716 0.335750 0.294855 0.069690 0.704139 0.677557 0.366909 0.250695 0.901411 0.069964 0.621708 
0.035753 0.360562 0.860546 0.911787 0.682440 0.364254 0.535860 0.273675 0.091083 0.680579 0.884015 
0.566531 0.515046 0.557803 0.635137 0.674628 0.577304 0.799357 0.861950 0.430907 0.125111 0.324794 
0.921400 0.917494 0.953872 0.123677 0.218315 0.299128 0.930952 1.008164 0.572940 0.846355 0.551882 
0.070331 0.472625 0.304285 0.458770 0.251641 0.990372 0.263360 0.953170 0.929152 0.649755 0.688147 
0.034288 0.925886 0.019151 0.260858 0.993973 0.851452 0.315242 0.695411 0.099109 0.178702 0.797526 
0.678381 0.393949 0.963302 0.235436 0.593357 0.152029 0.611454 0.228752 0.684638 0.010209 0.603733 
0.662725 0.816508 0.315547 0.579288 0.079211 0.484680 0.716041 0.688178 0.245446 0.235863 0.527132 
0.617283 0.700782 0.151784 0.904737 0.196494 0.563418 0.553774 0.355831 0.991104 0.378476 0.584567 
0.618809 0.786569 0.287714 0.823131 0.443541 0.372708 0.303339 0.588962 0.303675 0.532289 0.966140 
0.092151 0.571383 0.641332 0.169882 0.085315 0.186576 0.786997 0.433104 0.173849 0.351253 0.809062 
0.398862 0.440428 0.280573 0.171713 0.845012 0.540468 0.542055 0.071673 0.984818 0.924422 0.013352 
0.688574 0.340267 0.343135 0.991257 0.984543 0.968795 0.292963 0.481262 0.958785 0.324550 0.556338 
0.201163 0.763253 0.536073 0.494294 0.327968 0.586185 0.380856 0.247399 0.520540 0.709419 0.738747 
0.501038 0.248711 0.645513 0.804758 0.971206 0.960708 0.761575 0.843303 0.267511 0.118946 0.295435 
0.764413 0.289392 0.637151 0.170797 0.303461 0.811595 0.748330 0.517244 0.085864 0.415312 0.835979 
0.301691 0.357662 0.421721 0.259576 0.977646 0.663244 0.983200 0.705146 0.557894 0.251855 0.989151 
0.092578 0.017472 0.493683 0.942824 0.570987 0.433074 0.087024 0.464660 0.633031 0.764749 0.337703 
0.579135 0.879620 0.686682 0.291956 0.440886 0.466400 0.372952 1.004288 0.656652 0.763192 0.644628 
0.720863 0.859142 0.257043 0.384427 0.260949 0.689002 0.231529 0.625218 0.375973 0.841533 0.251885 
0.218559 0.369107 0.333553 0.988480 0.489746 0.755318 0.647985 0.409330 0.785135 0.244011 0.910841 
0.873120 0.318477 0.825206 0.758309 0.153371 0.222465 0.240074 0.049120 0.926375 0.211265 0.618107 
0.079150 0.752267 0.760903 0.560916 0.454009 0.082355 0.213401 0.455108 0.276147 0.322535 0.710945 
0.294519 0.802836 0.484833 0.366421 0.793680 0.230736 0.457946 0.576602 0.073443 0.764260 0.428465 
0.883893 0.700294 0.622502 0.483276 0.293543 0.360043 0.142812 0.925398 0.452025 0.948073 0.635838 
0.333339 0.592655 0.356380 0.148549 0.896528 0.655706 0.739479 0.792337 0.056750 0.488007 0.539705 
0.791269 0.988053 0.529176 0.053942 0.907606 0.945113 0.890363 0.822337 0.400327 0.012681 0.231712 
0.620549 0.173300 0.286432 0.345241 0.336971 0.269037 0.016313 0.848583 0.515657 0.364315 0.744667 
0.896558 0.846813 0.424254 0.969192 0.316615 0.385556 0.170584 0.363003 0.074420 0.780710 0.520845 
0.082324 0.475281 0.294184 0.654333 0.193259 0.008836 0.893262 0.861340 0.749154 0.242150 0.195640 
0.831950 0.549441 0.667852 0.550081 0.540285 0.111592 0.913893 0.032091 0.381070 0.886884 0.220634 
0.637914 0.713935 0.251763 0.591922 0.456145 0.472656 0.305964 0.526063 0.099720 0.994736 1.008225 
0.733345 0.178671 0.728035 0.681250 0.745888 0.094989 0.970779 0.417295 0.826549 0.941481 0.300715 
0.415098 0.082843 0.784738 0.850384 0.779764 0.192099 0.114796 0.083759 0.816874 0.644292 0.741646 
0.231743 0.351955 0.908582 0.920210 0.041582 0.106586 0.430144 0.985428 0.997330 0.662390 0.863140 
0.277978 0.667028 0.044024 0.446319 0.642736 0.333308 0.452972 0.927534 0.280054 0.563357 0.182486 
0.943099 0.232567 0.874402 0.245659 0.258752 0.287439 0.151418 0.747780 0.778116 0.576205 0.973068 
0.533663 0.724861 0.652959 0.501649 0.142049 0.905042 0.332423 0.094288 0.597812 0.455749 0.068927 
0.290857 0.072864 0.986496 0.157766 0.334987 0.948226 0.518983 0.539858 0.884686 0.306910 0.132527 
0.491547 0.068560 0.390439 0.720436 0.979965 0.544222 0.048968 0.763955 0.966079 0.714454 0.717018 
0.530244 0.435942 0.758309 0.945876 0.600376 0.441863 0.632604 0.023759 0.133504 0.934584 0.700446 
0.715339 0.773782 0.667669 0.143056 0.651311 0.606022 0.955489 0.810893 0.399961 0.066516 0.565768 
0.670538 0.751443 0.215110 0.528535 0.503602 0.246087 0.274866 0.141957 0.013780 0.478455 0.845531 
0.956893 0.998398 0.207633 0.697150 0.020952 0.740395 0.805705 0.549959 0.164205 0.277826 0.075091 
0.746926 0.606297 0.706001 0.966812 0.224998 0.667730 0.169333 0.229454 0.691565 0.865643 0.699042 
0.522249 0.412016 0.175589 0.552279 0.021013 0.515260 0.740853 0.210227 0.050646 0.222679 0.809763 
0.689887 0.773385 0.907423 0.183280 0.327083 0.465332 0.389890 0.953414 0.686316 0.412229 0.375912 
0.813761 0.753487 0.955459 0.443633 0.723793 0.068683 0.719490 0.485443 0.207816 0.954116 0.552706 
0.011552 0.069842 0.494233 0.211906 0.220665 0.805949 0.424071 0.322535 0.244957 0.494812 0.582065 
0.645269 0.474640 0.448546 0.083392 0.180624 0.369412 0.403928 0.870495 0.142965 0.661993 0.536318 
0.796579 0.334316 0.360684 0.076984 0.898847 0.950362 0.457214 0.815226 0.017076 0.348934 0.745430 
0.266198 0.414610 0.813151 0.657995 0.786691 0.556948 0.839275 0.526857 0.418577 0.705451 0.981735 
0.173483 0.742836 0.481201 0.785898 0.235832 0.523866 0.056170 0.839855 0.137563 0.426634 0.127461 
0.476745 0.106373 0.587009 0.330898 0.158590 0.147115 0.316951 0.250512 0.073291 0.376523 0.725838 
0.679907 0.975357 0.625310 0.538790 0.291712 0.802225 0.714149 0.893781 0.371792 0.097492 0.309870 
0.398404 0.773691 0.771524 0.767709 0.227531 0.750497 0.231590 0.866436 0.543520 0.819682 0.412168 
0.842052 0.019639 0.317286 0.737129 0.626744 0.748452 0.798197 0.544405 0.699103 0.316157 0.937819 
1.005387 0.451934 0.324214 0.092517 0.069079 0.483826 0.139394 0.174124 0.463500 0.720924 0.153738 
0.995316 0.284296 0.774850 0.335475 0.741768 0.203208 0.443480 0.352077 0.727913 0.826488 0.760293 
0.047045 0.091632 0.234917 0.498810 0.551363 0.585147 0.237084 0.538576 0.810923 0.117298 0.366421 
0.998490 0.811228 0.204673 0.153799 0.544130 0.280695 0.986740 0.706947 0.775033 0.153677 0.961685 
0.127156 0.098316 0.574496 0.099506 0.796000 0.995011 0.723640 0.488159 0.061663 0.085010 0.247582 
0.168844 0.357357 0.897413 0.573581 0.317683 0.282434 0.751626 0.889997 0.428557 0.677832 0.656835 
0.074206 0.654852 0.226524 0.634587 0.349148 0.965103 0.611271 0.371884 0.949264 0.269769 0.759377 
0.610417 0.577670 0.174643 0.207420 0.178427 0.935774 0.517671 0.116017 0.071368 0.105885 0.345089 
0.965988 0.487763 0.069262 0.483368 0.467834 0.226189 0.139546 0.363064 0.715248 0.350002 0.593937 
0.250817 0.113667 0.525911 0.282495 0.546023 0.116139 0.942427 0.497651 0.297724 0.296351 0.214744 
0.884290 0.599186 0.791300 0.182486 0.672308 0.014909 0.644109 1.005723 0.012803 0.697699 0.078632 
0.466461 0.698829 0.350979 0.236870 0.881482 0.052080 0.693488 0.410520 0.532442 0.257348 0.581790 
0.297907 0.020128 0.924788 0.447478 0.317591 0.448729 0.162466 0.205009 0.509919 0.846111 0.939894 
0.286493 0.057574 0.727150 0.023363 0.959670 0.956710 0.205650 0.265466 0.585330 0.869397 0.561251 
0.528871 0.970596 0.689429 0.667913 0.026231 0.473816 0.851879 0.189658 0.357632 0.018052 0.918135 
0.950545 0.026170 0.668798 0.467743 0.384274 0.713508 0.932295 0.827983 0.470550 0.096302 0.431151 
0.672552 0.063616 0.485291 0.112843 0.020829 0.020067 0.067248 0.647924 0.668554 0.031175 0.032304 
0.173453 0.581577 0.567172 0.366940 0.039232 0.283594 0.838542 0.594333 0.711280 0.769510 0.181540 
0.243218 0.490418 0.975082 0.773691 0.326686 0.201438 0.334773 0.085376 0.611607 0.508943 0.458740 
0.974441 0.960647 0.016771 0.459808 0.829143 0.527772 0.806559 0.962722 0.666571 0.088336 0.572207 
@@@@@@@@@@@@@@@@

qtd epocas = 105


vetor com as saidas desejadas:
0.061100 0.286000 0.746400 0.483100 
0.510200 0.746400 0.086000 0.596500 
0.000400 0.691600 0.500600 0.531800 
0.943000 0.447600 0.264800 0.684300 
0.139900 0.161000 0.247700 0.287200 
0.642300 0.322900 0.856700 0.766300 
0.649200 0.000700 0.642200 0.566600 
0.181800 0.507800 0.904600 0.660100 
0.738200 0.264700 0.191600 0.542700 
0.387900 0.130700 0.865600 0.583600 
0.190300 0.652300 0.782000 0.695000 
0.840100 0.449000 0.271900 0.679000 
0.002900 0.326400 0.247600 0.295600 
0.708800 0.934200 0.276300 0.774200 
0.128300 0.188200 0.725300 0.466200 
0.888200 0.307700 0.893100 0.809300 
0.222500 0.918200 0.782000 0.758100 
0.195700 0.842300 0.308500 0.582600 
0.999100 0.591400 0.393300 0.793800 
y = 0.507135
y = 0.514275
y = 0.521415
y = 0.528552
y = 0.535685
y = 0.542810
y = 0.549923
y = 0.557023
y = 0.564106
y = 0.571170
y = 0.578211
y = 0.585227
y = 0.592215
y = 0.599172
y = 0.606095
y = 0.612983
y = 0.619832
y = 0.626640
y = 0.633404
y = 0.640122
