vetor pesos sinapticos original:
0.954436 0.647084 0.370006 0.229621 0.772057 0.661458 0.302072 0.376995 0.891690 0.439405 0.090854 
0.043001 0.595447 0.826472 0.624226 0.791192 0.011353 0.481887 0.293863 0.837397 0.818690 0.888180 
0.592303 0.384259 0.868892 0.612323 0.953795 0.223457 0.004303 0.975463 0.370464 0.011628 0.855159 
0.786828 0.815638 0.126469 0.896115 0.298410 0.004273 0.509232 0.544328 0.036775 0.523392 0.399518 
0.579272 0.667837 0.862178 0.369366 0.666433 0.551042 0.374065 0.561876 0.265572 0.139683 0.701834 
0.541551 0.705100 0.882687 0.696463 0.662160 0.703604 0.784814 0.361736 0.358196 0.120060 0.281289 
0.855220 0.266762 0.213721 0.583270 0.077334 0.585467 0.194983 0.149876 0.879543 0.573046 0.348491 
0.443983 0.422681 0.598926 0.509995 0.626911 0.717338 0.647572 0.177618 0.349254 0.876705 0.684500 
0.039430 0.293374 0.113895 0.789544 0.198126 0.624256 0.014557 0.464187 0.874386 0.004761 0.115970 
0.018891 0.869686 0.331614 0.324259 0.446760 0.570482 0.848231 0.200598 0.689749 0.774499 0.790918 
0.647877 0.703696 0.120457 0.224372 0.028962 0.228523 0.402722 0.223151 0.247963 0.669759 0.551866 
0.054567 0.825465 0.997436 0.562456 0.520463 0.499161 0.069002 0.149602 0.112766 0.381390 0.282510 
0.414960 0.140446 0.204260 0.965484 0.303873 0.482681 0.684072 0.407086 0.134800 0.125828 0.535966 
0.938810 0.982452 0.139622 0.170568 0.970031 0.195013 0.248939 0.603076 0.385296 0.828547 0.657796 
0.606769 0.208930 0.277261 0.281228 0.641896 0.943541 0.883541 0.042085 0.591113 0.488510 0.806909 
0.387890 0.832820 0.045106 0.934477 0.685293 0.683676 0.913846 0.113315 0.647267 0.741539 0.590655 
0.486770 0.449995 0.159917 0.068575 0.214942 0.695425 0.385540 0.750298 0.361888 0.875668 0.389691 
0.878414 0.229469 0.495743 0.925504 0.889676 0.920103 0.510697 0.841151 0.599078 0.408979 0.233406 
0.981689 0.620563 0.907804 0.369427 0.709494 0.929960 0.800104 0.334910 0.575365 0.976897 0.930601 
0.514145 0.171117 0.252022 0.529130 0.612629 0.695242 0.715201 0.550645 0.762200 0.262429 0.991455 
0.712363 0.534318 0.488815 0.740684 0.009522 0.517869 0.383618 0.107608 0.990997 0.617664 0.078768 
0.657857 0.575701 0.729637 0.427717 0.706626 0.691458 0.949797 0.004486 0.446333 0.517289 0.972015 
0.534532 0.779351 0.610492 0.831874 0.288308 0.261696 0.699728 0.652577 0.469314 0.064852 0.425336 
0.548570 0.127049 0.361095 0.808374 0.344157 0.627033 0.038759 0.728965 0.262520 0.208380 0.154271 
0.196203 0.241768 0.660939 0.026337 0.689993 0.034120 0.652211 0.379162 0.356456 0.744652 0.736656 
0.440809 0.338115 0.965728 0.577105 0.402692 0.020234 0.163213 0.411023 0.146794 0.474166 0.471328 
0.291635 0.646687 0.879360 0.551286 0.136052 0.948485 0.205145 0.671255 0.110965 0.138432 0.933653 
0.662923 0.387829 0.202826 0.104556 0.911405 0.798090 0.186743 0.463973 0.034516 0.420301 0.558000 
0.997497 0.407910 0.630177 0.182440 0.629719 0.191900 0.644398 0.816614 0.370769 0.016755 0.090213 
0.524400 0.691458 0.982330 0.631672 0.923887 0.408094 0.128208 0.183264 0.670125 0.858547 0.031373 
0.743461 0.081057 0.650258 0.686331 0.377850 0.311686 0.761986 0.325236 0.384625 0.983703 0.280221 
0.333567 0.172399 0.676351 0.551775 0.917570 0.882565 0.184820 0.033357 0.680227 0.286721 0.952544 
0.619922 0.761498 0.991028 0.583361 0.732566 0.699118 0.478256 0.840419 0.947752 0.666768 0.019013 
0.037233 0.448378 0.244942 0.983612 0.227851 0.078768 0.381726 0.584887 0.101871 0.284219 0.698935 
0.584918 0.991119 0.716391 0.800378 0.994964 0.893368 0.786431 0.738304 0.301279 0.920560 0.946257 
0.294290 0.247566 0.076571 0.979614 0.230842 0.705130 0.771630 0.084262 0.169866 0.662130 0.978881 
0.026551 0.254463 0.863613 0.440413 0.149083 0.250099 0.132694 0.827906 0.513596 0.241585 0.905057 
0.264626 0.959716 0.581805 0.007141 0.115238 0.360668 0.248848 0.210334 0.449232 0.858211 0.267556 
0.591082 0.084475 0.356456 0.351604 0.229377 0.617298 0.057466 0.422803 0.276437 0.344615 0.318613 
0.163335 0.922391 0.485733 0.613697 0.257759 0.295846 0.608264 0.878842 0.480300 0.826380 0.666158 
0.024140 0.284555 0.101108 0.554888 0.893063 0.051027 0.746574 0.590564 0.449782 0.649281 0.367412 
0.819239 0.476699 0.470840 0.072756 0.562243 0.562883 0.588885 0.622028 0.104526 0.664632 0.201361 
0.720786 0.931425 0.019745 0.013337 0.498398 0.420728 0.696493 0.715171 0.698813 0.396069 0.558428 
0.212592 0.614917 0.447829 0.926817 0.765160 0.298868 0.427808 0.721183 0.688711 0.078768 0.024171 
0.360057 0.779168 0.913266 0.822565 0.202277 0.112674 0.615131 0.759758 0.810968 0.379498 0.475784 
0.376354 0.820643 0.406751 0.320719 0.774346 0.689535 0.027436 0.528397 0.686117 0.117466 0.951170 
0.042940 0.560961 0.411359 0.792840 0.912442 0.075472 0.578936 0.916379 0.383679 0.974059 0.432569 
0.248512 0.085025 0.645558 0.483749 0.720054 0.328257 0.342784 0.910184 0.489944 0.060701 0.450667 
0.375958 0.609119 0.499374 0.709403 0.987091 0.279702 0.977538 0.799219 0.162450 0.366619 0.035829 
0.192328 0.702445 0.316935 0.288614 0.679312 0.835780 0.144017 0.096744 0.474715 0.526505 0.632099 
0.578661 0.309763 0.821619 0.418073 0.990204 0.417371 0.521104 0.106235 0.005097 0.815760 0.951598 
0.072817 0.927152 0.797449 0.124546 0.115726 0.364788 0.029511 0.060823 0.606738 0.400525 0.171361 
0.561998 0.301614 0.785150 0.416303 0.210700 0.464705 0.188971 0.863308 0.880428 0.464339 0.040773 
0.125034 0.536393 0.495041 0.985900 0.078433 0.608844 0.583117 0.494766 0.164190 0.719626 0.531541 
0.653127 0.141209 0.043580 0.960570 0.665029 0.702506 0.086215 0.100467 0.100070 0.858577 0.158269 
0.492172 0.415937 0.494705 0.328928 0.252663 0.787561 0.008271 0.139042 0.060854 0.774438 0.432447 
0.854915 0.520585 0.856655 0.952269 0.544755 0.056520 0.371685 0.219916 0.758446 0.000122 0.882656 
0.374798 0.092074 0.020539 0.509384 0.174841 0.418622 0.558000 0.253914 0.145817 0.065706 0.415265 
0.851100 0.154027 0.722007 0.163457 0.175909 0.309275 0.353435 0.518662 0.738823 0.604236 0.910245 
0.345470 0.299966 0.196265 0.106388 0.443739 0.134190 0.738060 0.052675 0.774773 0.977294 0.663442 
0.024201 0.283181 0.185156 0.834529 0.144200 0.970824 0.137669 0.456252 0.265023 0.378704 0.417096 
0.665029 0.827662 0.133793 0.793786 0.697226 0.980895 0.715873 0.549425 0.044038 0.741661 0.101840 
0.169622 0.499191 0.477645 0.443220 0.936888 0.504929 0.493210 0.432844 0.454817 0.703696 0.000305 
0.517289 0.636006 0.100650 0.255348 0.611560 0.183233 0.744163 0.143193 0.471664 0.096591 0.329691 
0.989868 0.381726 0.237037 0.634236 0.884884 0.311869 0.477950 0.186651 0.294717 0.202979 0.475631 
0.080966 0.248512 0.534745 0.590442 0.338206 0.877132 0.832972 0.989380 0.723350 0.587115 0.272897 
0.461745 0.423750 0.650807 0.034242 0.978729 0.495163 0.493393 0.564470 0.528489 0.481307 0.458846 
0.406537 0.257973 0.113742 0.335185 0.747429 0.452406 0.498154 0.421278 0.343516 0.384198 0.692923 
0.415448 0.979247 0.561937 0.086734 0.907834 0.115024 0.411267 0.481399 0.757500 0.881344 0.918516 
0.285470 0.135441 0.074068 0.268532 0.726127 0.515152 0.308725 0.007935 0.484329 0.391125 0.988708 
0.764977 0.660421 0.007843 0.244392 0.057009 0.475814 0.879360 0.499252 0.217902 0.617389 0.380932 
0.818964 0.974731 0.630696 0.194891 0.700247 0.707053 0.268136 0.890591 0.455153 0.918607 0.198737 
0.420515 0.847468 0.953307 0.985107 0.814112 0.137272 0.486404 0.734519 0.849483 0.190008 0.822718 
0.330149 0.985199 0.805994 0.532273 0.648244 0.333232 0.927244 0.455458 0.668203 0.953887 0.877438 
0.608264 0.881405 0.254219 0.290902 0.019501 0.905148 0.771783 0.888119 0.030671 0.707755 0.123386 
0.752159 0.089877 0.351421 0.402264 0.264290 0.571520 0.658895 0.802850 0.353465 0.652211 0.710105 
0.755669 0.216590 0.774895 0.575213 0.353526 0.165838 0.731864 0.190222 0.349315 0.759331 0.898404 
0.781518 0.507950 0.870754 0.647816 0.745170 0.592730 0.855281 0.479568 0.387951 0.767785 0.467086 
0.891476 0.435743 0.697836 0.685110 0.527177 0.715720 0.126469 0.103366 0.630634 0.918699 0.214087 
0.041902 0.337840 0.847835 0.416974 0.034639 0.838435 0.059786 0.188604 0.850673 0.937162 0.304910 
0.284402 0.704611 0.047182 0.672231 0.951384 0.812983 0.146367 0.846065 0.783624 0.952483 0.727378 
0.379894 0.525285 0.176305 0.273598 0.394452 0.601886 0.345225 0.291391 0.605579 0.661489 0.628864 
0.430342 0.088351 0.906735 0.634480 0.722648 0.684317 0.499374 0.318705 0.472823 0.456709 0.818232 
0.338633 0.829310 0.101627 0.851833 0.998718 0.568438 0.719962 0.507035 0.449751 0.123295 0.856960 
0.115299 0.295785 0.387158 0.215888 0.916837 0.265755 0.324229 0.951659 0.805109 0.105594 0.917905 
0.950438 0.111972 0.347392 0.488235 0.002472 0.715415 0.111911 0.909970 0.273293 0.250282 0.600208 
0.761895 0.979949 0.704489 0.431318 0.939421 0.678884 0.180548 0.481643 0.761101 0.071261 0.104862 
0.382672 0.100528 0.732047 0.665304 0.333048 0.575091 0.669088 0.758477 0.381573 0.322214 0.118809 
0.228370 0.836756 0.395245 0.484329 0.676809 0.960021 0.309305 0.822291 0.627705 0.598010 0.769036 
0.784875 0.325999 0.910855 0.109073 0.423231 0.952788 0.852107 0.478896 0.758446 0.537187 0.557268 
0.302652 0.526109 0.347484 0.296335 0.046144 0.001251 0.041383 0.147435 0.821314 0.309580 0.357677 
0.047121 0.859951 0.131046 0.629902 0.374004 0.387951 0.202551 0.903836 0.721915 0.931120 0.525468 
0.939329 0.018555 0.583636 0.684744 0.878689 0.646321 0.271096 0.185308 0.861751 0.721213 0.538682 
0.212592 0.369945 0.186132 0.895871 0.722892 0.579882 0.875149 0.249367 0.270058 0.507950 0.204321 
0.454817 0.475112 0.227302 0.646138 0.519181 0.544237 0.938292 0.643056 0.484664 0.742058 0.173559 
0.117008 0.525346 0.226325 0.919431 0.230781 0.288308 0.149998 0.934233 0.557360 0.009980 0.437300 
0.045381 0.314219 0.438948 0.139805 0.706229 0.817866 0.096866 0.778802 0.593524 0.815455 0.908628 
0.580248 0.527879 0.849879 0.732536 0.008698 0.496963 0.313822 0.822504 0.506149 0.064089 0.350047 
0.752831 0.842189 0.942442 0.253151 0.837489 0.981841 0.016572 0.529862 0.574297 0.877224 0.592822 
0.273598 0.146306 0.089236 0.158879 0.009949 0.510575 0.645619 0.434919 0.668844 0.106388 0.041383 
0.996643 0.839961 0.713797 0.788598 0.251961 0.967895 0.493698 0.420515 0.052614 0.642689 0.740989 
0.357707 0.721427 0.642415 0.381664 0.541368 0.777093 0.884030 0.745506 0.240547 0.137486 0.938566 
0.645192 0.939573 0.082705 0.267190 0.293435 0.711570 0.758965 0.834040 0.089358 0.984832 0.504959 
0.252358 0.805017 0.107761 0.781701 0.120121 0.203589 0.619221 0.987030 0.701224 0.620899 0.629658 
0.936308 0.608783 0.540300 0.220527 0.290139 0.646504 0.693777 0.266854 0.710898 0.464614 0.719016 
0.590472 0.028718 0.186407 0.904721 0.848994 0.198706 0.661885 0.055055 0.067965 0.330424 0.504349 
0.004425 0.221381 0.570696 0.566668 0.813776 0.767510 0.121433 0.013184 0.179876 0.545946 0.173223 
0.643666 0.088992 0.942351 0.036470 0.625111 0.245521 0.726890 0.250771 0.288491 0.307443 0.472793 
0.954161 0.145848 0.459853 0.961455 0.293466 0.784509 0.357250 0.479568 0.156896 0.794397 0.966674 
0.415784 0.009888 0.384899 0.341990 0.061922 0.116245 0.847468 0.861599 0.025727 0.924711 0.519822 
0.959685 0.161199 0.903104 0.409009 0.883450 0.422559 0.601093 0.128239 0.506516 0.548753 0.222541 
0.304880 0.730583 0.983734 0.488784 0.115177 0.505936 0.939573 0.074404 0.102206 0.002441 0.008606 
0.396435 0.933531 0.962401 0.230293 0.038148 0.253975 0.765862 0.019501 0.589343 0.291177 0.240425 
0.862667 0.183142 0.368542 0.746391 0.187231 0.512162 0.983184 0.568346 0.311747 0.603687 0.604236 
0.144871 0.881893 0.136479 0.848506 0.167333 0.699210 0.579363 0.188818 0.078860 0.348735 0.933653 
0.852351 0.005280 0.531602 0.360057 0.064089 0.648762 0.508957 0.472091 0.292917 0.175634 0.563616 
0.576128 0.655324 0.629566 0.885372 0.640400 0.133702 0.901425 0.786431 0.273598 0.765801 0.787042 
0.653279 0.494613 0.460311 0.164006 0.540971 0.574328 0.596484 0.819178 0.816309 0.731132 0.062563 
0.957244 0.756127 0.961089 0.890378 0.922727 0.506973 0.784173 0.141545 0.165960 0.312113 0.187750 
0.202185 0.984405 0.412702 0.548601 0.141697 0.070406 0.528703 0.814570 0.292734 0.397443 0.326456 
0.727470 0.707694 0.474715 0.778558 0.368084 0.648610 0.502945 0.822657 0.804773 0.766564 0.461013 
0.225410 0.126591 0.126591 0.656270 0.057741 0.642964 0.734764 0.768303 0.687521 0.529954 0.723258 
0.918546 0.696249 0.705710 0.850124 0.796319 0.625752 0.215064 0.469497 0.372845 0.961272 0.905637 
0.628956 0.234443 0.256935 0.675802 0.449995 0.065920 0.810450 0.076662 0.447981 0.315775 0.792291 
0.548296 0.947813 0.574297 0.236763 0.072146 0.251473 0.695761 0.800439 0.521012 0.713919 0.195868 
0.694266 0.487045 0.383251 0.956267 0.695944 0.869961 0.361736 0.766289 0.648671 0.005860 0.543687 
0.734489 0.352336 0.618793 0.886593 0.100192 0.253548 0.375256 0.871700 0.476791 0.840724 0.324076 
0.310312 0.057894 0.150700 0.001679 0.151921 0.817713 0.292703 0.485305 0.450758 0.236641 0.396222 
0.174017 0.146611 0.583728 0.888943 0.580157 0.816401 0.286905 0.511093 0.911283 0.052705 0.422285 
0.972259 0.724601 0.625660 0.854060 0.657094 0.435133 0.083865 0.055666 0.286019 0.958098 0.951659 
0.144444 0.937498 0.267769 0.177557 0.159825 0.337413 0.153600 0.991699 0.117191 0.822932 0.954466 
0.826991 0.868465 0.885678 0.553026 0.461623 0.300241 0.702048 0.411115 0.038118 0.901700 0.555376 
0.927122 0.115635 0.231971 0.557421 0.897122 0.411908 0.320200 0.574755 0.360698 0.390637 0.527543 
0.766320 0.612812 0.351085 0.903989 0.638936 0.662862 0.175726 0.570238 0.026307 0.922300 0.392315 
0.156316 0.898312 0.402081 0.706870 0.828028 0.406323 0.200995 0.663259 0.932646 0.071657 0.566424 
0.586352 0.794855 0.522233 0.308359 0.464431 0.694449 0.684652 0.848628 0.927335 0.556993 0.837611 
0.685507 0.976470 0.388287 0.432844 0.556261 0.623310 0.984680 0.089694 0.077792 0.091952 0.949553 
0.670217 0.147069 0.742790 0.548204 0.840083 0.882717 0.372662 0.431410 0.022370 0.388806 0.048708 
0.759636 0.150304 0.122227 0.131321 0.758782 0.124729 0.144658 0.642964 0.238929 0.383068 0.040712 
0.638874 0.107150 0.485946 0.783319 0.736015 0.405622 0.127567 0.327464 0.456404 0.906613 0.476089 
0.214026 0.541337 0.795038 0.250496 0.964324 0.892209 0.470534 0.439955 0.546922 0.294961 0.999664 
0.071871 0.698386 0.583758 0.249733 0.935362 0.378094 0.400159 0.235725 0.665670 0.139744 0.204810 
0.711234 0.096408 0.699698 0.696738 0.534593 0.285653 0.484024 0.297403 0.842158 0.121830 0.435224 
0.855647 0.558947 0.916288 0.860073 0.228950 0.278726 0.888150 0.599567 0.898648 0.044435 0.948271 
0.302622 0.274087 0.060121 0.688009 0.084201 0.842708 0.865993 0.979553 0.349925 0.821955 0.007324 
0.093539 0.067385 0.469527 0.729179 0.740959 0.266457 0.707999 0.727165 0.944578 0.049196 0.220130 
0.486709 0.147099 0.890591 0.671224 0.241066 0.461867 0.511856 0.214423 0.079775 0.472060 0.107089 
0.936003 0.239051 0.485458 0.204718 0.395611 0.104526 0.650136 0.945006 0.919248 0.958708 0.837977 
0.054567 0.799799 0.003296 0.701773 0.300058 0.062441 0.688833 0.812769 0.700735 0.950560 0.881314 
0.284158 0.282662 0.788598 0.898770 0.787408 0.655110 0.378338 0.947783 0.367199 0.190161 0.584338 
0.991852 0.961791 0.087497 0.265206 0.582476 0.034181 0.104831 0.206915 0.684622 0.221473 0.235755 
0.214148 0.027161 0.407544 0.116276 0.016236 0.010590 0.126011 0.440809 0.143712 0.701956 0.699698 
0.169317 0.431928 0.949339 0.022156 0.806909 0.307596 0.146611 0.388806 0.536485 0.515305 0.680044 
0.282205 0.486740 0.439039 0.587176 0.519578 0.915677 0.676412 0.460768 0.667196 0.591662 0.020447 
0.127171 0.129032 0.152898 0.506180 0.132176 0.815302 0.726768 0.677908 0.564135 0.797266 0.589923 
0.733268 0.246529 0.854946 0.151067 0.700705 0.830927 0.323222 0.036866 0.306223 0.821467 0.143315 
0.562761 0.685904 0.062227 0.525559 0.369915 0.600452 0.719016 0.129490 0.509171 0.307779 0.285958 
0.168279 0.753868 0.750298 0.649495 0.342692 0.422071 0.212470 0.739555 0.011689 0.490005 0.105960 
0.800378 0.505661 0.277749 0.037385 0.811457 0.988128 0.488479 0.815790 0.090182 0.772912 0.882321 
0.555864 0.607532 0.502487 0.366253 0.532975 0.047517 0.093936 0.781579 0.946562 0.142491 0.858516 
0.169439 0.247780 0.314768 0.701682 0.796533 0.188116 0.156224 0.809107 0.721335 0.244606 0.777154 
0.725547 0.183233 0.578631 0.555254 0.232307 0.594684 0.183874 0.316599 0.929960 0.418195 0.380169 
0.479141 0.932157 0.709616 0.309153 0.190649 0.577380 0.608295 0.588336 0.991913 0.564226 0.556169 
0.779229 0.036409 0.416852 0.526170 0.826746 0.398358 0.686728 0.041993 0.124973 0.499313 0.797082 
0.270150 0.366649 0.185614 0.936003 0.965087 0.831629 0.487197 0.904752 0.549638 0.271401 0.589434 
0.327403 0.111148 0.045503 0.049043 0.127903 0.595080 0.666005 0.785607 0.681204 0.976714 0.406384 
0.879147 0.544176 0.693228 0.131535 0.706442 0.173162 0.116306 0.004212 0.445662 0.533952 0.347270 
0.224982 0.482070 0.010468 0.115513 0.461440 0.744804 0.518845 0.061983 0.123386 0.506973 0.232459 
0.188360 0.139714 0.679617 0.824915 0.753868 0.393628 0.131260 0.636402 0.400098 0.472274 0.063906 
0.670766 0.786309 0.886959 0.977172 0.828242 0.514847 0.420637 0.251198 0.281167 0.629749 0.758324 
0.880428 0.398450 0.468184 0.056917 0.388531 0.125034 0.146916 0.611133 0.456648 0.222785 0.464888 
0.270730 0.295450 0.278909 0.502853 0.766655 0.292795 0.888119 0.701621 0.601123 0.967956 0.915067 
0.700095 0.658620 0.763573 0.242988 0.714377 0.193793 0.707205 0.914945 0.738914 0.352672 0.472701 
0.073763 0.351390 0.883053 0.873684 0.607349 0.402356 0.190924 0.319559 0.905087 0.370678 0.398755 
0.265969 0.631794 0.666524 0.561632 0.190405 0.925810 0.662679 0.698508 0.124607 0.926725 0.735679 
0.793481 0.274819 0.039735 0.097934 0.424543 0.761132 0.842738 0.702292 0.175237 0.007202 0.041536 
0.999786 0.485885 0.811853 0.381054 0.832423 0.100375 0.633076 0.917234 0.241890 0.765252 0.116764 
0.556688 0.475600 0.336467 0.400464 0.270241 0.971099 0.951170 0.223670 0.886624 0.600299 0.419691 
0.376446 0.872127 0.954894 0.494949 0.516800 0.003265 0.953795 0.174566 0.888516 0.338145 0.554216 
0.692862 0.970824 0.392712 0.847499 0.358257 0.590747 0.928465 0.320963 0.892911 0.529771 0.257851 
0.567034 0.430219 0.155644 0.473434 0.220801 0.827113 0.111057 0.506943 0.407483 0.446699 0.590167 
0.424818 0.480758 0.068331 0.234169 0.866543 0.333476 0.080325 0.177313 0.031251 0.061800 0.612598 
0.274636 0.120060 0.264260 0.764580 0.042482 0.639180 0.756584 0.585681 0.343089 0.470992 0.984069 
0.963286 0.344890 0.118625 0.912137 0.075594 0.788995 0.031068 0.677053 0.565203 0.093936 0.413984 
0.777367 0.089297 0.329539 0.433699 0.087649 0.403577 0.590747 0.219672 0.475936 0.634968 0.803735 
0.572161 0.305582 0.900693 0.494369 0.781121 0.603687 0.928800 0.551134 0.462874 0.176092 0.837245 
0.513321 0.820368 0.451491 0.727165 0.415845 0.233711 0.334971 0.247047 0.722037 0.586932 0.852779 
0.783715 0.375378 0.237312 0.868984 0.436506 0.502060 0.033601 0.656209 0.431196 0.794610 0.289285 
0.600696 0.129093 0.108737 0.117191 0.823450 0.288705 0.304514 0.031587 0.998901 0.735008 0.862423 
0.224311 0.151646 0.093600 0.306406 0.420728 0.713584 0.745476 0.964873 0.722190 0.621235 0.658559 
0.100497 0.341014 0.736229 0.252602 0.940825 0.634388 0.368511 0.953612 0.640065 0.342998 0.184881 
0.593646 0.704245 0.441603 0.283303 0.313089 0.910123 0.506546 0.714377 0.120609 0.249763 0.007538 
0.231605 0.767907 0.931578 0.429304 0.551317 0.094882 0.969207 0.629597 0.903409 0.502213 0.389874 
0.339854 0.154515 0.706626 0.592792 0.214606 0.284951 0.435835 0.889218 0.336039 0.499893 0.219337 
0.755669 0.579760 0.756920 0.930937 0.831111 0.748314 0.990814 0.239479 0.189337 0.878292 0.816645 
0.624317 0.918546 0.627827 0.993042 0.110935 0.538011 0.150182 0.425977 0.384289 0.284799 0.359996 
0.995209 0.434523 0.800012 0.998230 0.983947 0.392804 0.247353 0.402478 0.393567 0.712516 0.394177 
0.388409 0.924253 0.352428 0.686819 0.148686 0.902615 0.118229 0.851314 0.576037 0.938200 0.818384 
0.050752 0.915983 0.589740 0.390606 0.130528 0.156316 0.822108 0.655568 0.982757 0.058901 0.535813 
0.853572 0.560808 0.240303 0.950011 0.620655 0.576098 0.207556 0.120090 0.560686 0.407086 0.755425 
0.371471 0.069002 0.252907 0.630848 0.930509 0.564714 0.062044 0.871548 0.534043 0.786859 0.267922 
vetor pesos sinapticos final:
0.974421 0.667069 0.389992 0.249606 0.792042 0.681443 0.322057 0.396980 0.911675 0.459391 0.110839 
0.062986 0.615432 0.846457 0.644211 0.811178 0.031338 0.501872 0.313848 0.857383 0.838675 0.908165 
0.612288 0.404244 0.888878 0.632309 0.973780 0.243442 0.024288 0.995448 0.390449 0.031613 0.875144 
0.806813 0.835623 0.146454 0.916100 0.318395 0.024258 0.529217 0.564313 0.056760 0.543378 0.419503 
0.599257 0.687822 0.882164 0.389351 0.686418 0.571027 0.394051 0.581861 0.285557 0.159668 0.721819 
0.561536 0.725085 0.902672 0.716448 0.682145 0.723589 0.804799 0.381721 0.378181 0.140045 0.301274 
0.875205 0.286747 0.233706 0.603255 0.097319 0.605452 0.214968 0.169862 0.899529 0.593031 0.368476 
0.463968 0.442667 0.618911 0.529980 0.646896 0.737323 0.667557 0.197603 0.369239 0.896690 0.704485 
0.059415 0.313360 0.133880 0.809530 0.218111 0.644241 0.034542 0.484172 0.894371 0.024746 0.135956 
0.038876 0.889671 0.351599 0.344244 0.466746 0.590468 0.868217 0.220583 0.709734 0.794484 0.810903 
0.667863 0.723681 0.140442 0.244357 0.048947 0.248508 0.422707 0.243137 0.267948 0.689744 0.571851 
0.074552 0.845450 1.017422 0.582441 0.540448 0.519146 0.088988 0.169587 0.132751 0.401375 0.302495 
0.434945 0.160431 0.224246 0.985469 0.323858 0.502666 0.704058 0.427072 0.154785 0.145813 0.555951 
0.958796 1.002437 0.159607 0.190553 0.990016 0.214998 0.268925 0.623061 0.405281 0.848532 0.677781 
0.626754 0.228915 0.297246 0.301213 0.661881 0.963526 0.903527 0.062070 0.611098 0.508495 0.826895 
0.407875 0.852805 0.065092 0.954462 0.705278 0.703661 0.933831 0.133300 0.667252 0.761524 0.610640 
0.506755 0.469981 0.179902 0.088560 0.234927 0.715410 0.405525 0.770283 0.381874 0.895653 0.409676 
0.898399 0.249454 0.515728 0.945489 0.909661 0.940088 0.530682 0.861136 0.619064 0.428964 0.253391 
1.001674 0.640549 0.927789 0.389412 0.729479 0.949945 0.820089 0.354895 0.595351 0.996883 0.950586 
0.534130 0.191102 0.272007 0.549115 0.632614 0.715227 0.735186 0.570631 0.782185 0.282414 1.011440 
0.732348 0.554303 0.508800 0.760669 0.029507 0.537854 0.403603 0.127593 1.010982 0.637649 0.098753 
0.677842 0.595686 0.749622 0.447702 0.726611 0.711443 0.969782 0.024471 0.466318 0.537274 0.992000 
0.554517 0.799336 0.630477 0.851859 0.308294 0.281681 0.719714 0.672562 0.489299 0.084837 0.445322 
0.568555 0.147034 0.381080 0.828359 0.364142 0.647018 0.058744 0.748950 0.282505 0.228366 0.174256 
0.216189 0.261753 0.680925 0.046323 0.709978 0.054105 0.672196 0.399147 0.376441 0.764637 0.756641 
0.460795 0.358100 0.985713 0.597090 0.422677 0.040219 0.183198 0.431008 0.166779 0.494151 0.491313 
0.311620 0.666672 0.899345 0.571272 0.156037 0.968470 0.225131 0.691240 0.130950 0.158417 0.953638 
0.682908 0.407814 0.222811 0.124542 0.931390 0.818075 0.206728 0.483958 0.054502 0.440286 0.577986 
1.017483 0.427896 0.650162 0.202425 0.649704 0.211886 0.664383 0.836599 0.390755 0.036740 0.110198 
0.544385 0.711443 1.002315 0.651657 0.943872 0.428079 0.148193 0.203249 0.690111 0.878532 0.051358 
0.763447 0.101042 0.670243 0.706316 0.397835 0.331671 0.781971 0.345221 0.404610 1.003688 0.300206 
0.353552 0.192384 0.696336 0.571760 0.937555 0.902550 0.204805 0.053342 0.700212 0.306707 0.972529 
0.639908 0.781483 1.011013 0.603346 0.752551 0.719103 0.498241 0.860404 0.967737 0.686754 0.038998 
0.057218 0.468363 0.264927 1.003597 0.247836 0.098753 0.401711 0.604872 0.121856 0.304204 0.718920 
0.604903 1.011104 0.736377 0.820364 1.014950 0.913353 0.806417 0.758289 0.321264 0.940545 0.966242 
0.314275 0.267551 0.096556 0.999599 0.250827 0.725115 0.791615 0.104247 0.189851 0.682115 0.998866 
0.046536 0.274448 0.883598 0.460398 0.169068 0.270084 0.152680 0.847891 0.533581 0.261570 0.925042 
0.284611 0.979701 0.601790 0.027126 0.135223 0.380653 0.268833 0.230319 0.469218 0.878196 0.287541 
0.611068 0.104460 0.376441 0.371589 0.249362 0.637283 0.077452 0.442789 0.296422 0.364600 0.338598 
0.183320 0.942377 0.505718 0.633682 0.277744 0.315832 0.628250 0.898827 0.500285 0.846365 0.686143 
0.044125 0.304540 0.121093 0.574873 0.913048 0.071012 0.766559 0.610549 0.469767 0.669266 0.387398 
0.839224 0.496684 0.490825 0.092741 0.582228 0.582869 0.608870 0.642013 0.124511 0.684617 0.221346 
0.740771 0.951410 0.039731 0.033322 0.518383 0.440713 0.716479 0.735156 0.718798 0.416054 0.578413 
0.232577 0.634903 0.467814 0.946802 0.785145 0.318853 0.447794 0.741168 0.708696 0.098753 0.044156 
0.380043 0.799153 0.933252 0.842551 0.222262 0.132660 0.635116 0.779743 0.830954 0.399483 0.495769 
0.396339 0.840628 0.426736 0.340704 0.794331 0.709520 0.047421 0.548383 0.706102 0.137451 0.971156 
0.062925 0.580946 0.431344 0.812826 0.932428 0.095457 0.598921 0.936364 0.403664 0.994044 0.452555 
0.268497 0.105010 0.665543 0.503734 0.740039 0.348242 0.362769 0.930169 0.509929 0.080686 0.470652 
0.395943 0.629104 0.519360 0.729388 1.007076 0.299687 0.997524 0.819204 0.182435 0.386604 0.055814 
0.212313 0.722430 0.336920 0.308599 0.699297 0.855765 0.164002 0.116729 0.494701 0.546490 0.652085 
0.598647 0.329748 0.841604 0.438058 1.010189 0.437356 0.541089 0.126220 0.025082 0.835745 0.971583 
0.092802 0.947137 0.817434 0.144531 0.135711 0.384773 0.049497 0.080809 0.626724 0.420510 0.191347 
0.581984 0.321600 0.805135 0.436288 0.230685 0.484691 0.208956 0.883293 0.900414 0.484324 0.060758 
0.145020 0.556378 0.515026 1.005886 0.098418 0.628829 0.603102 0.514751 0.184175 0.739612 0.551526 
0.673112 0.161194 0.063566 0.980555 0.685014 0.722491 0.106200 0.120452 0.120055 0.878562 0.178254 
0.512157 0.435922 0.514690 0.348914 0.272648 0.807546 0.028256 0.159027 0.080839 0.794423 0.452432 
0.874900 0.540570 0.876640 0.972254 0.564741 0.076505 0.391670 0.239902 0.778431 0.020107 0.902641 
0.394783 0.112060 0.040524 0.529370 0.194826 0.438608 0.577986 0.273899 0.165803 0.085692 0.435251 
0.871085 0.174012 0.741992 0.183442 0.195894 0.329260 0.373420 0.538647 0.758808 0.624221 0.930230 
0.365455 0.319952 0.216250 0.126373 0.463724 0.154175 0.758045 0.072660 0.794759 0.997279 0.683427 
0.044186 0.303166 0.205141 0.854514 0.164185 0.990809 0.157654 0.476237 0.285008 0.398689 0.437082 
0.685014 0.847647 0.153778 0.813772 0.717211 1.000881 0.735858 0.569410 0.064023 0.761646 0.121825 
0.189607 0.519176 0.497630 0.463205 0.956873 0.524914 0.513195 0.452829 0.474803 0.723681 0.020290 
0.537274 0.655991 0.120635 0.275334 0.631546 0.203218 0.764149 0.163178 0.491649 0.116576 0.349677 
1.009853 0.401711 0.257022 0.654221 0.904869 0.331854 0.497936 0.206636 0.314702 0.222964 0.495616 
0.100951 0.268497 0.554730 0.610427 0.358191 0.897118 0.852957 1.009365 0.743335 0.607100 0.292882 
0.481730 0.443735 0.670792 0.054227 0.998714 0.515148 0.513378 0.584456 0.548474 0.501293 0.478831 
0.426522 0.277958 0.133728 0.355170 0.767414 0.472392 0.518139 0.441263 0.363502 0.404183 0.712908 
0.435434 0.999233 0.581922 0.106719 0.927819 0.135009 0.431253 0.501384 0.777485 0.901329 0.938501 
0.305455 0.155426 0.094054 0.288518 0.746112 0.535138 0.328710 0.027920 0.504314 0.411110 1.008693 
0.784962 0.680406 0.027828 0.264377 0.076994 0.495799 0.899345 0.519237 0.237887 0.637375 0.400917 
0.838949 0.994716 0.650681 0.214876 0.720232 0.727038 0.288121 0.910576 0.475138 0.938592 0.218722 
0.440500 0.867454 0.973292 1.005092 0.834097 0.157257 0.506389 0.754505 0.869468 0.209993 0.842703 
0.350134 1.005184 0.825979 0.552258 0.668229 0.353217 0.947229 0.475443 0.688188 0.973872 0.897423 
0.628250 0.901390 0.274204 0.310888 0.039486 0.925134 0.791768 0.908104 0.050656 0.727740 0.143372 
0.772144 0.109862 0.371406 0.422250 0.284275 0.591505 0.678880 0.822836 0.373451 0.672196 0.730090 
0.775654 0.236575 0.794881 0.595198 0.373512 0.185823 0.751850 0.210207 0.369300 0.779316 0.918389 
0.801503 0.527935 0.890739 0.667802 0.765156 0.612716 0.875266 0.499553 0.407936 0.787770 0.487071 
0.911461 0.455728 0.717821 0.705095 0.547162 0.735705 0.146454 0.123351 0.650620 0.938684 0.234073 
0.061887 0.357825 0.867820 0.436960 0.054624 0.858420 0.079771 0.208590 0.870658 0.957148 0.324896 
0.304387 0.724597 0.067167 0.692216 0.971369 0.832968 0.166352 0.866050 0.803609 0.972468 0.747363 
0.399880 0.545270 0.196291 0.293584 0.414437 0.621871 0.365211 0.311376 0.625564 0.681474 0.648850 
0.450327 0.108336 0.926721 0.654465 0.742633 0.704302 0.519360 0.338690 0.492808 0.476695 0.838217 
0.358619 0.849295 0.121612 0.871818 1.018703 0.588423 0.739947 0.527020 0.469736 0.143280 0.876945 
0.135284 0.315771 0.407143 0.235873 0.936822 0.285740 0.344214 0.971644 0.825094 0.125579 0.937890 
0.970423 0.131958 0.367377 0.508220 0.022457 0.735400 0.131897 0.929956 0.293278 0.270267 0.620193 
0.781880 0.999935 0.724474 0.451303 0.959406 0.698869 0.200533 0.501628 0.781086 0.091246 0.124847 
0.402657 0.120513 0.752033 0.685289 0.353034 0.595076 0.689073 0.778462 0.401558 0.342200 0.138794 
0.248355 0.856742 0.415230 0.504314 0.696794 0.980006 0.329290 0.842276 0.647690 0.617995 0.789021 
0.804860 0.345984 0.930841 0.129058 0.443216 0.972773 0.872092 0.498882 0.778431 0.557172 0.577253 
0.322637 0.546094 0.367469 0.316320 0.066129 0.021236 0.061368 0.167420 0.841299 0.329565 0.377662 
0.067106 0.879936 0.151032 0.649887 0.393990 0.407936 0.222537 0.923821 0.741901 0.951105 0.545453 
0.959314 0.038540 0.603621 0.704729 0.898674 0.666306 0.291081 0.205294 0.881736 0.741199 0.558667 
0.232577 0.389931 0.206118 0.915856 0.742877 0.599867 0.895134 0.269352 0.290043 0.527935 0.224307 
0.474803 0.495097 0.247287 0.666123 0.539166 0.564222 0.958277 0.663041 0.504650 0.762043 0.193544 
0.136993 0.545331 0.246310 0.939416 0.250766 0.308294 0.169984 0.954218 0.577345 0.029965 0.457285 
0.065366 0.334204 0.458933 0.159790 0.726214 0.837851 0.116851 0.798787 0.613509 0.835440 0.928613 
0.600234 0.547864 0.869865 0.752521 0.028683 0.516949 0.333807 0.842490 0.526135 0.084074 0.370032 
0.772816 0.862174 0.962427 0.273136 0.857474 1.001827 0.036557 0.549848 0.594282 0.897209 0.612807 
0.293584 0.166291 0.109221 0.178865 0.029934 0.530560 0.665604 0.454904 0.688829 0.126373 0.061368 
1.016628 0.859946 0.733783 0.808583 0.271946 0.987880 0.513683 0.440500 0.072599 0.662674 0.760975 
0.377693 0.741412 0.662400 0.401650 0.561353 0.797078 0.904015 0.765491 0.260532 0.157471 0.958551 
0.665177 0.959559 0.102690 0.287175 0.313421 0.731555 0.778950 0.854026 0.109343 1.004817 0.524944 
0.272343 0.825002 0.127746 0.801686 0.140106 0.223574 0.639206 1.007015 0.721209 0.640884 0.649643 
0.956293 0.628768 0.560285 0.240512 0.310125 0.666489 0.713762 0.286839 0.730883 0.484599 0.739001 
0.610457 0.048703 0.206392 0.924706 0.868980 0.218691 0.681871 0.075041 0.087950 0.350409 0.524334 
0.024410 0.241366 0.590681 0.586653 0.833761 0.787495 0.141418 0.033169 0.199861 0.565931 0.193208 
0.663651 0.108977 0.962336 0.056455 0.645096 0.265507 0.746875 0.270756 0.308477 0.327429 0.492778 
0.974146 0.165833 0.479838 0.981440 0.313451 0.804494 0.377235 0.499553 0.176881 0.814382 0.986659 
0.435769 0.029873 0.404885 0.361976 0.081907 0.136230 0.867454 0.881584 0.045712 0.944696 0.539807 
0.979670 0.181184 0.923089 0.428994 0.903435 0.442544 0.621078 0.148224 0.526501 0.568738 0.242526 
0.324865 0.750568 1.003719 0.508770 0.135162 0.525921 0.959559 0.094389 0.122192 0.022427 0.028591 
0.416421 0.953516 0.982386 0.250278 0.058133 0.273960 0.785847 0.039486 0.609328 0.311162 0.260410 
0.882652 0.203127 0.388527 0.766376 0.207216 0.532147 1.003169 0.588331 0.331732 0.623672 0.624221 
0.164857 0.901879 0.156464 0.868491 0.187318 0.719195 0.599349 0.208803 0.098845 0.368720 0.953638 
0.872337 0.025265 0.551587 0.380043 0.084074 0.668748 0.528942 0.492076 0.312902 0.195619 0.583601 
0.596114 0.675309 0.649551 0.905358 0.660386 0.153687 0.921410 0.806417 0.293584 0.785786 0.807027 
0.673264 0.514599 0.480296 0.183992 0.560956 0.594313 0.616469 0.839163 0.836294 0.751117 0.082548 
0.977229 0.776112 0.981074 0.910363 0.942712 0.526959 0.804158 0.161530 0.185945 0.332098 0.207735 
0.222170 1.004390 0.432687 0.568586 0.161683 0.090391 0.548688 0.834555 0.312719 0.417428 0.346442 
0.747455 0.727679 0.494701 0.798543 0.388069 0.668595 0.522930 0.842642 0.824758 0.786549 0.480998 
0.245395 0.146576 0.146576 0.676255 0.077726 0.662949 0.754749 0.788289 0.707506 0.549939 0.743243 
0.938531 0.716234 0.725695 0.870109 0.816305 0.645737 0.235049 0.489482 0.392830 0.981257 0.925622 
0.648941 0.254428 0.276920 0.695787 0.469981 0.085905 0.830435 0.096648 0.467966 0.335760 0.812276 
0.568281 0.967799 0.594282 0.256748 0.092131 0.271458 0.715746 0.820425 0.540997 0.733905 0.215853 
0.714251 0.507030 0.403237 0.976252 0.715929 0.889946 0.381721 0.786274 0.668656 0.025845 0.563672 
0.754474 0.372321 0.638778 0.906578 0.120177 0.273533 0.395241 0.891685 0.496776 0.860709 0.344061 
0.330297 0.077879 0.170686 0.021664 0.171906 0.837698 0.312688 0.505291 0.470744 0.256626 0.416207 
0.194002 0.166596 0.603713 0.908928 0.600142 0.836386 0.306890 0.531079 0.931268 0.072691 0.442270 
0.992244 0.744586 0.645645 0.874046 0.677079 0.455118 0.103850 0.075651 0.306005 0.978083 0.971644 
0.164429 0.957483 0.287755 0.197542 0.179811 0.357398 0.173585 1.011684 0.137176 0.842917 0.974452 
0.846976 0.888450 0.905663 0.573011 0.481608 0.320226 0.722033 0.431100 0.058103 0.921685 0.575361 
0.947107 0.135620 0.251956 0.577406 0.917107 0.431893 0.340185 0.594740 0.380683 0.410622 0.547528 
0.786305 0.632797 0.371070 0.923974 0.658921 0.682847 0.195711 0.590224 0.046292 0.942285 0.412301 
0.176301 0.918297 0.422067 0.726855 0.848013 0.426309 0.220980 0.683244 0.952631 0.091643 0.586409 
0.606337 0.814840 0.542218 0.328344 0.484416 0.714434 0.704637 0.868613 0.947321 0.576978 0.857596 
0.705492 0.996455 0.408272 0.452829 0.576246 0.643295 1.004665 0.109679 0.097777 0.111937 0.969538 
0.690202 0.167054 0.762775 0.568189 0.860068 0.902703 0.392647 0.451395 0.042355 0.408791 0.068693 
0.779621 0.170289 0.142212 0.151306 0.778767 0.144714 0.164643 0.662949 0.258915 0.403053 0.060697 
0.658860 0.127136 0.505931 0.803304 0.756000 0.425607 0.147553 0.347449 0.476389 0.926599 0.496074 
0.234011 0.561322 0.815023 0.270481 0.984309 0.912194 0.490520 0.459940 0.566907 0.314947 1.019649 
0.091856 0.718371 0.603743 0.269718 0.955347 0.398079 0.420144 0.255710 0.685655 0.159729 0.224795 
0.731219 0.116393 0.719683 0.716723 0.554578 0.305638 0.504009 0.317388 0.862143 0.141815 0.455210 
0.875633 0.578932 0.936273 0.880058 0.248935 0.298711 0.908135 0.619552 0.918633 0.064420 0.968256 
0.322607 0.294072 0.080107 0.707994 0.104186 0.862693 0.885978 0.999538 0.369910 0.841940 0.027310 
0.113524 0.087370 0.489512 0.749164 0.760944 0.286442 0.727984 0.747150 0.964564 0.069181 0.240115 
0.506694 0.167084 0.910576 0.691209 0.261051 0.481852 0.531842 0.234408 0.099761 0.492045 0.127075 
0.955988 0.259037 0.505443 0.224703 0.415597 0.124511 0.670121 0.964991 0.939233 0.978694 0.857962 
0.074552 0.819784 0.023281 0.721758 0.320043 0.082426 0.708818 0.832754 0.720721 0.970545 0.901299 
0.304143 0.302648 0.808583 0.918755 0.807393 0.675095 0.398323 0.967768 0.387184 0.210146 0.604323 
1.011837 0.981776 0.107482 0.285191 0.602461 0.054166 0.124816 0.226901 0.704607 0.241458 0.255741 
0.234134 0.047147 0.427529 0.136261 0.036221 0.030575 0.145996 0.460795 0.163697 0.721941 0.719683 
0.189302 0.451914 0.969324 0.042142 0.826895 0.327581 0.166596 0.408791 0.556470 0.535290 0.700029 
0.302190 0.506725 0.459024 0.607161 0.539563 0.935663 0.696397 0.480754 0.687181 0.611648 0.040433 
0.147156 0.149017 0.172883 0.526165 0.152161 0.835287 0.746753 0.697893 0.584120 0.817251 0.609908 
0.753253 0.266514 0.874931 0.171052 0.720690 0.850913 0.343207 0.056852 0.326208 0.841452 0.163300 
0.582746 0.705889 0.082212 0.545544 0.389900 0.620437 0.739001 0.149475 0.529156 0.327764 0.305944 
0.188264 0.773853 0.770283 0.669480 0.362678 0.442056 0.232455 0.759540 0.031674 0.509990 0.125945 
0.820364 0.525646 0.297734 0.057370 0.831442 1.008113 0.508464 0.835775 0.110167 0.792897 0.902306 
0.575849 0.627517 0.522472 0.386238 0.552960 0.067502 0.113921 0.801564 0.966547 0.162476 0.878501 
0.189424 0.267765 0.334753 0.721667 0.816518 0.208101 0.176209 0.829092 0.741321 0.264591 0.797139 
0.745532 0.203218 0.598616 0.575239 0.252292 0.614669 0.203859 0.336584 0.949945 0.438180 0.400154 
0.499126 0.952143 0.729602 0.329138 0.210634 0.597365 0.628280 0.608321 1.011898 0.584211 0.576154 
0.799214 0.056394 0.436837 0.546155 0.846732 0.418343 0.706713 0.061979 0.144958 0.519299 0.817068 
0.290135 0.386635 0.205599 0.955988 0.985072 0.851615 0.507183 0.924737 0.569624 0.291386 0.609420 
0.347388 0.131134 0.065488 0.069028 0.147888 0.615066 0.685991 0.805593 0.701189 0.996700 0.426370 
0.899132 0.564161 0.713213 0.151520 0.726428 0.193147 0.136291 0.024197 0.465647 0.553937 0.367255 
0.244968 0.502056 0.030453 0.135498 0.481425 0.764789 0.538830 0.081968 0.143372 0.526959 0.252445 
0.208345 0.159699 0.699602 0.844900 0.773853 0.413613 0.151245 0.656388 0.420083 0.492259 0.083891 
0.690751 0.806295 0.906945 0.997157 0.848227 0.534832 0.440622 0.271183 0.301152 0.649735 0.778309 
0.900414 0.418435 0.488170 0.076902 0.408516 0.145020 0.166901 0.631118 0.476634 0.242770 0.484874 
0.290715 0.315435 0.298894 0.522839 0.786641 0.312780 0.908104 0.721606 0.621108 0.987941 0.935052 
0.720080 0.678605 0.783558 0.262974 0.734362 0.213778 0.727191 0.934930 0.758899 0.372657 0.492686 
0.093748 0.371375 0.903038 0.893669 0.627334 0.422341 0.210909 0.339544 0.925073 0.390663 0.418740 
0.285954 0.651779 0.686509 0.581617 0.210390 0.945795 0.682664 0.718493 0.144592 0.946710 0.755664 
0.813466 0.294804 0.059720 0.117919 0.444528 0.781117 0.862723 0.722277 0.195222 0.027188 0.061521 
1.019772 0.505870 0.831839 0.401039 0.852408 0.120361 0.653061 0.937219 0.261875 0.785237 0.136749 
0.576673 0.495586 0.356452 0.420449 0.290227 0.991084 0.971156 0.243655 0.906609 0.620284 0.439676 
0.396431 0.892113 0.974879 0.514934 0.536786 0.023251 0.973780 0.194551 0.908501 0.358130 0.574201 
0.712847 0.990809 0.412697 0.867484 0.378242 0.610732 0.948450 0.340948 0.912896 0.549756 0.277836 
0.587019 0.450205 0.175630 0.493419 0.240787 0.847098 0.131042 0.526928 0.427468 0.466685 0.610152 
0.444803 0.500743 0.088316 0.254154 0.886528 0.353461 0.100310 0.197298 0.051236 0.081785 0.632583 
0.294621 0.140045 0.284245 0.784565 0.062467 0.659165 0.776570 0.605666 0.363074 0.490977 1.004055 
0.983271 0.364875 0.138611 0.932122 0.095580 0.808980 0.051053 0.697038 0.585188 0.113921 0.433969 
0.797353 0.109282 0.349524 0.453684 0.107634 0.423562 0.610732 0.239657 0.495921 0.654953 0.823721 
0.592146 0.325567 0.920678 0.514355 0.801106 0.623672 0.948785 0.571119 0.482859 0.196077 0.857230 
0.533306 0.840353 0.471476 0.747150 0.435830 0.253696 0.354956 0.267033 0.742023 0.606917 0.872764 
0.803700 0.395363 0.257297 0.888969 0.456491 0.522045 0.053586 0.676194 0.451181 0.814596 0.309270 
0.620681 0.149078 0.128723 0.137176 0.843436 0.308690 0.324499 0.051572 1.018887 0.754993 0.882408 
0.244296 0.171632 0.113585 0.326391 0.440713 0.733569 0.765461 0.984858 0.742175 0.641220 0.678544 
0.120483 0.360999 0.756214 0.272587 0.960810 0.654373 0.388496 0.973597 0.660050 0.362983 0.204866 
0.613631 0.724230 0.461588 0.303288 0.333075 0.930108 0.526531 0.734362 0.140594 0.269749 0.027523 
0.251590 0.787892 0.951563 0.449289 0.571302 0.114867 0.989192 0.649582 0.923394 0.522198 0.409859 
0.359839 0.174500 0.726611 0.612777 0.234591 0.304936 0.455820 0.909203 0.356024 0.519878 0.239322 
0.775654 0.599745 0.776905 0.950922 0.851096 0.768299 1.010799 0.259464 0.209322 0.898277 0.836630 
0.644302 0.938531 0.647812 1.013027 0.130920 0.557996 0.170167 0.445963 0.404274 0.304784 0.379982 
1.015194 0.454508 0.819997 1.018215 1.003932 0.412789 0.267338 0.422463 0.413552 0.732501 0.414162 
0.408394 0.944238 0.372413 0.706804 0.168671 0.922601 0.138214 0.871299 0.596022 0.958185 0.838370 
0.070737 0.935968 0.609725 0.410592 0.150513 0.176301 0.842093 0.675553 1.002742 0.078886 0.555799 
0.873557 0.580793 0.260288 0.969996 0.640640 0.596083 0.227542 0.140076 0.580671 0.427072 0.775410 
0.391456 0.088988 0.272892 0.650833 0.950495 0.584700 0.082029 0.891533 0.554029 0.806844 0.287907 
@@@@@@@@@@@@@@@@

qtd epocas = 236


vetor com as saidas desejadas:
0.061100 0.286000 0.746400 0.483100 
0.510200 0.746400 0.086000 0.596500 
0.000400 0.691600 0.500600 0.531800 
0.943000 0.447600 0.264800 0.684300 
0.139900 0.161000 0.247700 0.287200 
0.642300 0.322900 0.856700 0.766300 
0.649200 0.000700 0.642200 0.566600 
0.181800 0.507800 0.904600 0.660100 
0.738200 0.264700 0.191600 0.542700 
0.387900 0.130700 0.865600 0.583600 
0.190300 0.652300 0.782000 0.695000 
0.840100 0.449000 0.271900 0.679000 
0.002900 0.326400 0.247600 0.295600 
0.708800 0.934200 0.276300 0.774200 
0.128300 0.188200 0.725300 0.466200 
0.888200 0.307700 0.893100 0.809300 
0.222500 0.918200 0.782000 0.758100 
0.195700 0.842300 0.308500 0.582600 
0.999100 0.591400 0.393300 0.793800 
y = 0.507137
y = 0.514278
y = 0.521421
y = 0.528562
y = 0.535699
y = 0.542828
y = 0.549947
y = 0.557053
y = 0.564142
y = 0.571213
y = 0.578261
y = 0.585285
y = 0.592281
y = 0.599247
y = 0.606180
y = 0.613077
y = 0.619936
y = 0.626754
y = 0.633529
y = 0.640258
