vetor pesos sinapticos original:
0.954131 0.663045 0.734519 0.026551 0.827723 0.301950 0.017121 0.645009 0.379986 0.002258 0.104404 
0.038972 0.568560 0.311594 0.592456 0.203833 0.556108 0.795007 0.126225 0.683645 0.773583 0.470840 
0.217658 0.742088 0.531938 0.599872 0.002899 0.715079 0.089419 0.109134 0.095706 0.076479 0.579730 
0.432173 0.192358 0.247719 0.707907 0.045869 0.585070 0.682791 0.620258 0.486557 0.239601 0.259987 
0.854030 0.125340 0.593951 0.511704 0.773644 0.484695 0.733604 0.723014 0.399426 0.377148 0.100162 
0.430769 0.035157 0.647786 0.389538 0.354625 0.600696 0.801172 0.795526 0.290475 0.075961 0.294412 
0.255654 0.998413 0.962584 0.777734 0.855220 0.615772 0.168950 0.063051 0.045412 0.627247 0.226142 
0.102878 0.832667 0.922391 0.239357 0.759819 0.594440 0.972625 0.482406 0.648488 0.678701 0.658406 
0.040803 0.831019 0.442518 0.778253 0.410199 0.647267 0.886441 0.770501 0.455824 0.460952 0.540819 
0.679159 0.639790 0.603198 0.760491 0.895413 0.921873 0.294473 0.083682 0.705435 0.240883 0.826472 
0.811762 0.176336 0.981903 0.784661 0.465835 0.411237 0.336192 0.593616 0.276742 0.704459 0.960265 
0.165410 0.364299 0.628742 0.839473 0.932920 0.762291 0.585101 0.763482 0.049226 0.945555 0.846919 
0.318888 0.034272 0.014954 0.629353 0.806024 0.649861 0.197363 0.215461 0.985382 0.284585 0.815668 
0.670339 0.060976 0.629780 0.386090 0.173894 0.805811 0.927702 0.999023 0.504746 0.236122 0.573077 
0.638478 0.705191 0.741295 0.349742 0.598163 0.459181 0.074313 0.082919 0.648793 0.214789 0.110508 
0.989196 0.114017 0.581500 0.779595 0.504410 0.510788 0.034608 0.078005 0.872066 0.910062 0.457320 
0.567766 0.272011 0.674856 0.551866 0.267403 0.772057 0.731529 0.651326 0.342296 0.882412 0.029969 
0.962889 0.499680 0.995636 0.350291 0.773858 0.495102 0.491989 0.110752 0.652181 0.656514 0.792383 
0.334269 0.172063 0.832179 0.139653 0.429426 0.196265 0.668508 0.389904 0.941862 0.246498 0.624531 
0.594440 0.932920 0.992615 0.628529 0.654225 0.141453 0.392468 0.783959 0.827998 0.584948 0.513413 
0.029939 0.374737 0.756310 0.566454 0.163701 0.112552 0.072909 0.184729 0.129917 0.174535 0.733573 
0.477432 0.984436 0.743339 0.640034 0.890164 0.437696 0.045381 0.539232 0.403394 0.384808 0.386273 
0.042329 0.099918 0.327860 0.508103 0.677389 0.632740 0.097354 0.050722 0.630757 0.624622 0.778619 
0.397504 0.334941 0.530564 0.249367 0.687094 0.557970 0.994324 0.235145 0.272652 0.151006 0.230262 
0.288430 0.409406 0.110660 0.462203 0.597797 0.452071 0.111606 0.949736 0.033418 0.343150 0.166509 
0.633808 0.335368 0.673757 0.568987 0.932890 0.850246 0.097720 0.776055 0.720573 0.723472 0.380505 
0.386242 0.016083 0.952513 0.864254 0.869869 0.419050 0.207739 0.629933 0.207007 0.819514 0.827418 
0.138157 0.090579 0.414624 0.892178 0.629658 0.849696 0.563463 0.786493 0.066836 0.749962 0.510514 
0.152257 0.897549 0.827235 0.509995 0.641438 0.422346 0.910733 0.381573 0.373547 0.046693 0.991577 
0.029084 0.504807 0.198981 0.593799 0.953368 0.814600 0.195837 0.303110 0.290262 0.715842 0.836085 
0.110294 0.405866 0.595508 0.004212 0.725364 0.578814 0.891293 0.065401 0.518509 0.802545 0.811090 
0.332011 0.244392 0.237312 0.101077 0.384198 0.205908 0.344188 0.769127 0.525224 0.013398 0.231941 
0.169195 0.152470 0.596240 0.247810 0.353771 0.326090 0.622211 0.344035 0.099521 0.315867 0.981597 
0.250587 0.513688 0.408063 0.491836 0.986328 0.626362 0.753197 0.479263 0.738701 0.875454 0.536027 
0.393963 0.644398 0.890530 0.249184 0.114017 0.501297 0.481735 0.351482 0.095584 0.943266 0.239937 
0.092166 0.024903 0.109378 0.654622 0.782647 0.128422 0.338420 0.155400 0.296548 0.797449 0.919797 
0.983917 0.079653 0.683493 0.432630 0.301553 0.450697 0.920591 0.703940 0.440413 0.474685 0.630665 
0.917081 0.702445 0.189398 0.368694 0.901914 0.614154 0.467116 0.663167 0.137822 0.042360 0.291696 
0.308725 0.501144 0.077700 0.733726 0.567095 0.287362 0.091769 0.403394 0.932157 0.540635 0.874569 
0.663808 0.616047 0.220771 0.257942 0.384747 0.411969 0.239570 0.132145 0.519272 0.090457 0.897366 
0.260659 0.283242 0.984832 0.751366 0.800439 0.220008 0.922422 0.446852 0.933256 0.931059 0.157933 
0.542497 0.514939 0.753777 0.464858 0.861049 0.148137 0.167852 0.041231 0.396588 0.585284 0.211493 
0.386364 0.309977 0.867794 0.688437 0.804346 0.043062 0.108127 0.447462 0.690634 0.083499 0.320322 
0.515305 0.258522 0.411206 0.205817 0.364330 0.860897 0.157598 0.300485 0.096377 0.563952 0.509079 
0.389386 0.823511 0.129521 0.385846 0.595264 0.027680 0.061434 0.927366 0.046968 0.180059 0.872707 
0.315714 0.534715 0.401013 0.229682 0.968200 0.057100 0.443007 0.129612 0.630116 0.667867 0.776452 
0.767266 0.399335 0.526902 0.060488 0.247383 0.213721 0.563280 0.780114 0.799524 0.832789 0.655416 
0.329905 0.650288 0.844447 0.735099 0.326914 0.210791 0.728843 0.721885 0.432966 0.734428 0.509690 
0.693503 0.468062 0.101413 0.024964 0.199042 0.096042 0.887204 0.347942 0.120792 0.863796 0.369579 
0.389752 0.991424 0.875149 0.631977 0.215064 0.172063 0.880947 0.418531 0.101718 0.798547 0.066164 
0.897458 0.875790 0.900906 0.315744 0.988617 0.553270 0.603290 0.240059 0.412183 0.819910 0.810236 
0.741417 0.114048 0.379681 0.285134 0.402905 0.224342 0.704062 0.528123 0.480728 0.205420 0.212806 
0.358409 0.781182 0.345958 0.417737 0.608570 0.203803 0.256264 0.060274 0.835719 0.231758 0.522599 
0.774987 0.457198 0.150700 0.175298 0.309091 0.215949 0.277291 0.127964 0.830592 0.382183 0.979095 
0.243477 0.354778 0.597858 0.766167 0.183264 0.821711 0.769860 0.236854 0.695975 0.855098 0.918210 
0.157689 0.501846 0.734062 0.385662 0.459853 0.429151 0.609119 0.314951 0.432417 0.958678 0.493484 
0.799768 0.894498 0.832759 0.061007 0.615711 0.627003 0.884945 0.782220 0.937986 0.845393 0.746757 
0.429060 0.950987 0.994690 0.587481 0.480483 0.757469 0.648061 0.543535 0.459395 0.492264 0.790185 
0.993469 0.732688 0.047548 0.266549 0.334880 0.805109 0.315622 0.680074 0.419721 0.638936 0.355541 
0.516129 0.303873 0.029969 0.389782 0.777673 0.467483 0.571520 0.037355 0.910916 0.162175 0.237526 
0.689413 0.303507 0.041719 0.116123 0.433515 0.136448 0.731834 0.324808 0.433424 0.870266 0.495865 
0.638417 0.169713 0.147557 0.652425 0.861385 0.448347 0.392926 0.901151 0.475295 0.582842 0.890866 
0.213019 0.593158 0.656545 0.624104 0.441298 0.751488 0.271462 0.652425 0.309366 0.571429 0.689383 
0.314005 0.931974 0.820734 0.771905 0.030396 0.525712 0.906644 0.625690 0.995788 0.465316 0.332377 
0.358837 0.532853 0.341960 0.147282 0.854976 0.395459 0.179510 0.922697 0.971129 0.800195 0.465682 
0.284036 0.065615 0.467299 0.153294 0.531297 0.262551 0.452986 0.289132 0.378307 0.358379 0.053774 
0.425459 0.342540 0.777764 0.564531 0.471328 0.816462 0.484359 0.170934 0.139409 0.351909 0.252815 
0.758568 0.644978 0.188543 0.208533 0.918424 0.812738 0.557573 0.041139 0.931852 0.248573 0.792291 
0.798029 0.014527 0.731681 0.776482 0.664235 0.601917 0.483566 0.761895 0.635121 0.956664 0.470687 
0.086093 0.487472 0.879696 0.396039 0.822108 0.955962 0.806177 0.536912 0.890683 0.520890 0.067110 
0.084140 0.666982 0.713462 0.598712 0.139866 0.612568 0.344920 0.879818 0.029786 0.963866 0.565783 
0.379345 0.085818 0.008728 0.161290 0.294778 0.555986 0.982208 0.989593 0.862697 0.797357 0.112247 
0.968657 0.023011 0.408551 0.847652 0.518265 0.718039 0.457900 0.798456 0.863460 0.607227 0.463454 
0.420728 0.105258 0.479598 0.281350 0.976592 0.465712 0.144353 0.558580 0.800958 0.612415 0.081515 
0.906461 0.406079 0.469802 0.633381 0.450972 0.455489 0.422987 0.018250 0.916501 0.137974 0.320170 
0.947905 0.898740 0.973418 0.180334 0.129490 0.483657 0.581408 0.012207 0.433821 0.868099 0.444197 
0.650868 0.010468 0.138707 0.194830 0.018006 0.131962 0.865444 0.461989 0.712485 0.047060 0.665487 
0.802728 0.337077 0.625752 0.394360 0.754295 0.467788 0.075930 0.120304 0.536607 0.672170 0.513932 
0.537706 0.435926 0.482437 0.669698 0.976745 0.401837 0.730155 0.508072 0.664510 0.888028 0.148320 
0.047121 0.394848 0.468734 0.647572 0.155370 0.262123 0.261696 0.171972 0.608264 0.616047 0.689108 
0.541673 0.186224 0.893277 0.607349 0.187719 0.094546 0.482315 0.337657 0.186010 0.486984 0.277871 
0.628101 0.496109 0.374035 0.080905 0.078341 0.811396 0.697409 0.500443 0.059023 0.927000 0.851527 
0.513901 0.655904 0.031373 0.433576 0.341685 0.671072 0.828028 0.503647 0.792596 0.211982 0.893429 
0.135350 0.735954 0.899655 0.177740 0.539201 0.857234 0.226936 0.054353 0.539171 0.352886 0.098910 
0.824122 0.684164 0.721274 0.085849 0.081362 0.775536 0.304788 0.420454 0.847468 0.091769 0.741173 
0.270272 0.877712 0.091830 0.978423 0.317209 0.048982 0.877987 0.010804 0.174352 0.233345 0.199957 
0.992065 0.672475 0.564104 0.281228 0.881039 0.546464 0.501053 0.248848 0.277657 0.553758 0.600513 
0.447951 0.604083 0.555437 0.396832 0.422346 0.287820 0.591601 0.301553 0.842463 0.103305 0.482040 
0.926054 0.161626 0.327738 0.983612 0.734611 0.282266 0.867641 0.035432 0.433821 0.013031 0.012329 
0.123325 0.004242 0.598224 0.970977 0.294534 0.781213 0.100681 0.848292 0.854152 0.490555 0.919584 
0.216895 0.274392 0.645711 0.224036 0.940947 0.348125 0.212378 0.584246 0.408155 0.117588 0.947142 
0.580706 0.826502 0.609973 0.315744 0.673849 0.741173 0.910733 0.398389 0.113956 0.428968 0.606006 
0.686911 0.174017 0.325510 0.125706 0.181219 0.485519 0.142155 0.017945 0.690817 0.759453 0.828547 
0.686392 0.747154 0.673086 0.036866 0.621906 0.034333 0.204047 0.244850 0.659597 0.743004 0.193060 
0.192663 0.292245 0.754570 0.416181 0.790918 0.571886 0.061831 0.948302 0.155187 0.630482 0.332011 
0.098697 0.924436 0.350780 0.018738 0.700461 0.517991 0.219214 0.929044 0.034181 0.489029 0.891263 
0.651631 0.168096 0.629566 0.501114 0.752983 0.995178 0.983764 0.246956 0.146855 0.748955 0.425581 
0.282601 0.544481 0.279061 0.957518 0.446974 0.390240 0.867763 0.385662 0.863002 0.190863 0.868618 
0.528672 0.936796 0.642628 0.948912 0.615589 0.788293 0.464278 0.216742 0.029664 0.645070 0.340831 
0.014039 0.054231 0.230079 0.885128 0.657002 0.776421 0.674917 0.023255 0.904843 0.805689 0.989532 
0.710135 0.438551 0.962859 0.620167 0.380932 0.130467 0.596179 0.126102 0.045839 0.386303 0.680532 
0.507004 0.432997 0.340434 0.356151 0.211707 0.086825 0.186193 0.063051 0.360240 0.827692 0.422132 
0.927366 0.209479 0.478896 0.295297 0.555773 0.394787 0.267953 0.223487 0.894803 0.977691 0.807459 
0.476882 0.310160 0.831965 0.062471 0.900754 0.543779 0.398541 0.210730 0.960692 0.703421 0.340953 
0.801263 0.890957 0.942045 0.132328 0.118198 0.228034 0.982940 0.105319 0.156346 0.509751 0.146580 
0.996216 0.113651 0.422010 0.035890 0.514267 0.807917 0.173894 0.535875 0.968017 0.923582 0.382580 
0.283853 0.479049 0.494705 0.249123 0.266854 0.815332 0.530503 0.306772 0.702109 0.374462 0.189978 
0.522568 0.856929 0.349223 0.411206 0.033815 0.964354 0.605213 0.402326 0.300577 0.890927 0.303354 
0.899991 0.955351 0.712180 0.797327 0.601398 0.131291 0.853267 0.837764 0.676931 0.550432 0.949614 
0.614490 0.768609 0.152409 0.084964 0.667684 0.381359 0.545946 0.562609 0.199561 0.073061 0.063631 
0.865658 0.817682 0.349834 0.701529 0.963652 0.240974 0.672292 0.724570 0.620502 0.000336 0.479690 
0.219733 0.861202 0.664052 0.637898 0.377209 0.252419 0.620319 0.217170 0.781487 0.154302 0.947447 
0.006561 0.493667 0.598956 0.403180 0.670766 0.205786 0.952116 0.064547 0.955687 0.248787 0.014405 
0.649281 0.849422 0.735252 0.718345 0.049989 0.104129 0.617908 0.076876 0.112766 0.025941 0.945982 
0.540819 0.190924 0.938200 0.099338 0.420148 0.505417 0.225196 0.282968 0.526170 0.843410 0.362133 
0.062166 0.690878 0.625538 0.837428 0.220130 0.319132 0.873989 0.374157 0.718925 0.630604 0.111850 
0.356426 0.045381 0.747215 0.725883 0.867122 0.723014 0.282693 0.822565 0.243019 0.270943 0.590197 
0.110569 0.554277 0.391705 0.324442 0.839015 0.913205 0.668477 0.474593 0.324107 0.020081 0.553545 
0.524064 0.094760 0.851344 0.929075 0.893429 0.188574 0.896146 0.021088 0.322825 0.629505 0.848720 
0.948637 0.350352 0.618427 0.161596 0.688589 0.541917 0.467818 0.366588 0.737938 0.629627 0.811914 
0.569384 0.254555 0.214545 0.123264 0.024506 0.957732 0.190283 0.067537 0.196570 0.569536 0.543138 
0.727165 0.213721 0.078921 0.685904 0.225440 0.120487 0.608722 0.981017 0.782525 0.835292 0.167852 
0.609058 0.733787 0.219337 0.069521 0.439741 0.542955 0.163427 0.296335 0.060732 0.340129 0.097995 
0.594348 0.621052 0.016663 0.833888 0.576739 0.645131 0.407941 0.138798 0.618244 0.473861 0.595202 
0.957060 0.822321 0.488876 0.857875 0.677358 0.841395 0.776269 0.307443 0.356395 0.832270 0.385846 
0.734306 0.303262 0.327036 0.842647 0.698599 0.931669 0.301889 0.066408 0.396619 0.285928 0.223884 
0.355663 0.333872 0.147130 0.357799 0.592303 0.335734 0.125431 0.113895 0.323344 0.927671 0.645039 
0.718039 0.875820 0.615375 0.228095 0.985015 0.160985 0.097171 0.983642 0.477157 0.324503 0.938597 
0.707541 0.828547 0.898343 0.741600 0.500626 0.516556 0.610797 0.339091 0.310160 0.862117 0.511460 
0.045839 0.301492 0.539476 0.566271 0.497696 0.466201 0.377148 0.379955 0.109500 0.372631 0.731193 
0.201422 0.683767 0.465377 0.211646 0.868862 0.200720 0.819727 0.044252 0.850154 0.321482 0.757591 
0.847743 0.035707 0.635151 0.230934 0.108554 0.439161 0.181402 0.378918 0.134281 0.462630 0.279794 
0.165349 0.766503 0.882656 0.196783 0.502243 0.634785 0.213202 0.682058 0.766106 0.233131 0.601733 
0.905057 0.113010 0.599750 0.914731 0.823450 0.498733 0.881466 0.169012 0.514084 0.810144 0.564531 
0.965056 0.498581 0.014405 0.652364 0.078188 0.593768 0.731742 0.571917 0.864742 0.319163 0.138340 
0.089877 0.638417 0.392254 0.605823 0.019776 0.673971 0.342784 0.982879 0.001434 0.993957 0.777581 
0.926176 0.133824 0.594775 0.326853 0.185919 0.742912 0.268685 0.803766 0.253121 0.065096 0.677786 
0.607562 0.274178 0.128636 0.835719 0.902554 0.639332 0.612720 0.654530 0.603656 0.151372 0.966979 
0.711692 0.699576 0.180486 0.571551 0.894345 0.945494 0.711722 0.219977 0.076540 0.455824 0.691214 
0.704886 0.486343 0.228858 0.577868 0.788965 0.917997 0.134129 0.505722 0.341929 0.446608 0.393963 
0.964568 0.924436 0.800867 0.090457 0.403729 0.600726 0.050050 0.729179 0.666677 0.261208 0.761956 
0.390423 0.661122 0.235603 0.287606 0.500137 0.172521 0.478774 0.329325 0.750633 0.225776 0.109897 
0.448103 0.203467 0.902310 0.586322 0.666890 0.104984 0.018372 0.293649 0.825465 0.445906 0.571154 
0.832850 0.843989 0.796411 0.358196 0.786157 0.550554 0.447951 0.677541 0.242409 0.229835 0.392865 
0.513749 0.863735 0.548357 0.172979 0.116581 0.774255 0.013184 0.129002 0.378735 0.052339 0.619984 
0.081027 0.918302 0.107883 0.846736 0.972533 0.272805 0.725211 0.649586 0.507797 0.110782 0.053438 
0.616688 0.315531 0.867214 0.325480 0.936552 0.668447 0.708731 0.586596 0.337291 0.291055 0.235664 
0.213996 0.652455 0.286569 0.826380 0.508896 0.170415 0.714255 0.030213 0.141789 0.423048 0.848140 
0.916135 0.732810 0.570055 0.649037 0.781915 0.347758 0.035401 0.480300 0.131596 0.191870 0.551805 
0.599292 0.326487 0.281503 0.269814 0.455336 0.816065 0.376049 0.087466 0.325510 0.355480 0.950774 
0.856960 0.319651 0.115543 0.491623 0.624500 0.285897 0.091617 0.894131 0.559771 0.647572 0.717307 
0.246437 0.730705 0.703116 0.089846 0.778802 0.380657 0.420240 0.712943 0.260140 0.863521 0.255318 
0.163121 0.623188 0.893399 0.029572 0.586779 0.099277 0.264779 0.392926 0.432966 0.644490 0.700186 
0.907254 0.329142 0.937498 0.980193 0.279794 0.505539 0.731468 0.013703 0.778436 0.674642 0.840480 
0.003632 0.359630 0.772149 0.541978 0.364238 0.540757 0.465346 0.676443 0.547136 0.547563 0.835292 
0.225745 0.431471 0.768365 0.139225 0.651112 0.434950 0.046327 0.059206 0.772057 0.001709 0.840602 
0.343333 0.467818 0.623402 0.787927 0.245827 0.982147 0.049837 0.696005 0.672140 0.112796 0.845271 
0.499710 0.435438 0.067171 0.946440 0.211280 0.530717 0.265236 0.379284 0.396130 0.832545 0.870754 
0.789666 0.205145 0.123081 0.332499 0.944884 0.494919 0.856532 0.716483 0.862423 0.067171 0.565630 
0.110233 0.721458 0.558550 0.317667 0.880856 0.214270 0.011872 0.125095 0.067568 0.493027 0.660695 
0.717673 0.690664 0.368633 0.957427 0.582110 0.257241 0.917844 0.377483 0.675558 0.245857 0.154668 
0.029603 0.719321 0.850764 0.922758 0.604175 0.478469 0.767113 0.664327 0.690847 0.934751 0.298563 
0.222785 0.996307 0.757439 0.568377 0.334391 0.493912 0.980071 0.115177 0.965819 0.036134 0.288034 
0.654805 0.153600 0.461074 0.823908 0.289407 0.501907 0.724296 0.916440 0.945128 0.994568 0.087710 
0.639973 0.319376 0.277932 0.895840 0.609882 0.119419 0.070772 0.971526 0.920621 0.872890 0.857143 
0.161870 0.632710 0.091891 0.518845 0.066134 0.714805 0.072268 0.063601 0.475997 0.846980 0.108310 
0.105228 0.560350 0.991668 0.404950 0.251808 0.325449 0.138340 0.468764 0.058535 0.381664 0.128544 
0.258187 0.701163 0.547868 0.966796 0.875332 0.026368 0.325480 0.524491 0.079501 0.135502 0.772423 
0.042390 0.404767 0.157506 0.808924 0.338359 0.161779 0.367748 0.486282 0.126164 0.106082 0.308756 
0.249641 0.352245 0.053346 0.069185 0.726157 0.955840 0.223243 0.377178 0.069857 0.959655 0.593188 
0.664327 0.394513 0.296518 0.042817 0.756951 0.325266 0.278817 0.571093 0.350139 0.201117 0.116611 
0.366619 0.921567 0.958769 0.391003 0.012848 0.240730 0.229377 0.888607 0.609363 0.130619 0.679586 
0.703757 0.090304 0.636921 0.127750 0.014649 0.521409 0.262215 0.467086 0.439222 0.656667 0.420637 
0.926237 0.377636 0.536241 0.769585 0.699606 0.247353 0.406446 0.574511 0.477584 0.016755 0.743309 
0.763359 0.908567 0.944304 0.660848 0.826441 0.523911 0.928404 0.485549 0.218543 0.157079 0.375530 
0.777795 0.419111 0.388012 0.991791 0.582141 0.306681 0.044191 0.404401 0.187078 0.004456 0.289743 
0.019959 0.176092 0.852565 0.333537 0.025025 0.050600 0.663350 0.287545 0.935453 0.206915 0.916562 
0.207312 0.600970 0.547441 0.049837 0.844691 0.070986 0.508286 0.501511 0.145238 0.228187 0.784021 
0.661092 0.020753 0.595508 0.530747 0.384838 0.428449 0.223579 0.329295 0.231544 0.288064 0.064547 
0.689230 0.075472 0.268288 0.738121 0.374981 0.252632 0.973144 0.096530 0.335856 0.896054 0.560411 
0.495102 0.520524 0.617298 0.322855 0.173162 0.357555 0.189642 0.263466 0.653554 0.183416 0.389508 
0.196203 0.565264 0.398694 0.652211 0.403272 0.796472 0.634327 0.698752 0.380413 0.383740 0.708701 
0.789239 0.701407 0.044008 0.657125 0.759636 0.532548 0.755211 0.614765 0.497971 0.829371 0.291940 
0.834284 0.016297 0.745750 0.122745 0.619556 0.774499 0.287393 0.574725 0.456740 0.412183 0.740745 
0.671896 0.123722 0.545549 0.908353 0.553941 0.059359 0.784295 0.682272 0.881100 0.773797 0.625813 
0.986633 0.131504 0.580889 0.382794 0.620380 0.197760 0.434462 0.799768 0.032044 0.188055 0.149022 
0.515702 0.556963 0.839045 0.786645 0.028657 0.148900 0.446028 0.490951 0.318278 0.137059 0.717338 
0.549883 0.782922 0.039644 0.458144 0.968047 0.647542 0.965331 0.491379 0.330058 0.498611 0.633930 
0.720573 0.236305 0.101871 0.547411 0.741905 0.092074 0.159978 0.342509 0.911222 0.531510 0.165532 
0.856380 0.272347 0.257546 0.006195 0.936125 0.253090 0.579241 0.478133 0.524064 0.534837 0.427351 
0.363506 0.049348 0.002503 0.130039 0.229225 0.657613 0.180670 0.729362 0.602191 0.309641 0.062349 
0.119785 0.677877 0.280679 0.736442 0.791040 0.218574 0.091067 0.720450 0.454604 0.797082 0.400067 
0.404492 0.337230 0.042268 0.893460 0.512741 0.421064 0.043336 0.696921 0.988952 0.412641 0.567919 
0.345927 0.211676 0.721488 0.251259 0.843318 0.946379 0.229652 0.412336 0.836238 0.939421 0.133915 
0.653035 0.443464 0.561541 0.640889 0.896725 0.764336 0.406049 0.797449 0.022858 0.600391 0.248329 
0.236793 0.753349 0.421491 0.273080 0.122166 0.946776 0.107028 0.975402 0.068514 0.957854 0.494064 
0.641591 0.324564 0.216803 0.262917 0.816919 0.995392 0.686209 0.192450 0.665395 0.587512 0.350780 
0.315348 0.628559 0.657521 0.396710 0.005066 0.289529 0.845424 0.236763 0.525987 0.848079 0.073733 
0.037049 0.077151 0.113468 0.194464 0.902554 0.862117 0.421155 0.863979 0.376354 0.214667 0.379345 
0.927854 0.410291 0.313181 0.852229 0.096957 0.462081 0.513352 0.085299 0.195624 0.875912 0.832087 
0.380139 0.763085 0.202277 0.612415 0.223701 0.290170 0.613758 0.901669 0.279153 0.871731 0.072451 
vetor pesos sinapticos final:
0.983405 0.692320 0.763794 0.055826 0.856998 0.331225 0.046396 0.674283 0.409261 0.031533 0.133678 
0.068247 0.597834 0.340869 0.621730 0.233108 0.585383 0.824282 0.155499 0.712920 0.802858 0.500114 
0.246933 0.771363 0.561212 0.629146 0.032174 0.744354 0.118694 0.138409 0.124981 0.105754 0.609004 
0.461447 0.221633 0.276993 0.737182 0.075144 0.614345 0.712065 0.649533 0.515831 0.268875 0.289262 
0.883305 0.154614 0.623226 0.540978 0.802919 0.513970 0.762879 0.752289 0.428701 0.406422 0.129436 
0.460043 0.064432 0.677061 0.418813 0.383900 0.629970 0.830447 0.824801 0.319750 0.105235 0.323687 
0.284928 1.027688 0.991859 0.807008 0.884495 0.645047 0.198225 0.092326 0.074686 0.656522 0.255417 
0.132153 0.861942 0.951666 0.268631 0.789094 0.623714 1.001900 0.511681 0.677762 0.707976 0.687681 
0.070078 0.860294 0.471793 0.807527 0.439474 0.676542 0.915715 0.799775 0.485099 0.490226 0.570093 
0.708434 0.669065 0.632473 0.789765 0.924688 0.951147 0.323748 0.112956 0.734710 0.270157 0.855746 
0.841036 0.205611 1.011177 0.813936 0.495109 0.440512 0.365467 0.622890 0.306016 0.733733 0.989540 
0.194685 0.393574 0.658017 0.868747 0.962195 0.791566 0.614375 0.792756 0.078501 0.974830 0.876194 
0.348163 0.063547 0.044229 0.658627 0.835299 0.679136 0.226638 0.244735 1.014656 0.313860 0.844943 
0.699614 0.090251 0.659055 0.415364 0.203169 0.835085 0.956976 1.028298 0.534020 0.265396 0.602351 
0.667752 0.734466 0.770569 0.379017 0.627437 0.488456 0.103587 0.112193 0.678068 0.244064 0.139782 
1.018471 0.143292 0.610774 0.808870 0.533685 0.540063 0.063883 0.107280 0.901341 0.939337 0.486594 
0.597041 0.301286 0.704130 0.581141 0.296678 0.801332 0.760803 0.680601 0.371570 0.911687 0.059244 
0.992164 0.528954 1.024910 0.379566 0.803132 0.524376 0.521264 0.140026 0.681455 0.685789 0.821657 
0.363544 0.201338 0.861453 0.168927 0.458701 0.225539 0.697783 0.419179 0.971137 0.275773 0.653805 
0.623714 0.962195 1.021889 0.657803 0.683500 0.170728 0.421743 0.813234 0.857272 0.614223 0.542688 
0.059213 0.404011 0.785584 0.595729 0.192976 0.141827 0.102183 0.214003 0.159192 0.203810 0.762848 
0.506706 1.013710 0.772614 0.669309 0.919439 0.466971 0.074656 0.568506 0.432668 0.414083 0.415547 
0.071604 0.129192 0.357135 0.537377 0.706663 0.662015 0.126629 0.079996 0.660031 0.653897 0.807893 
0.426778 0.364215 0.559839 0.278641 0.716368 0.587245 1.023598 0.264420 0.301927 0.180280 0.259537 
0.317705 0.438680 0.139935 0.491477 0.627071 0.481345 0.140881 0.979011 0.062692 0.372425 0.195784 
0.663083 0.364643 0.703032 0.598262 0.962164 0.879520 0.126995 0.805330 0.749847 0.752746 0.409779 
0.415517 0.045358 0.981788 0.893528 0.899144 0.448324 0.237014 0.659207 0.236282 0.848788 0.856692 
0.167432 0.119854 0.443899 0.921453 0.658933 0.878971 0.592738 0.815767 0.096110 0.779236 0.539788 
0.181531 0.926824 0.856509 0.539269 0.670713 0.451620 0.940008 0.410848 0.402821 0.075968 1.020852 
0.058359 0.534081 0.228255 0.623073 0.982642 0.843875 0.225112 0.332384 0.319536 0.745117 0.865360 
0.139569 0.435140 0.624782 0.033486 0.754639 0.608089 0.920568 0.094676 0.547784 0.831820 0.840365 
0.361285 0.273667 0.266587 0.130352 0.413472 0.235183 0.373462 0.798402 0.554498 0.042672 0.261215 
0.198469 0.181745 0.625515 0.277085 0.383045 0.355365 0.651486 0.373310 0.128795 0.345141 1.010872 
0.279862 0.542962 0.437338 0.521111 1.015602 0.655637 0.782471 0.508537 0.767975 0.904729 0.565302 
0.423238 0.673673 0.919805 0.278458 0.143292 0.530572 0.511009 0.380756 0.124859 0.972541 0.269211 
0.121441 0.054178 0.138653 0.683897 0.811922 0.157697 0.367694 0.184675 0.325823 0.826723 0.949072 
1.013191 0.108928 0.712767 0.461905 0.330828 0.479972 0.949865 0.733215 0.469687 0.503960 0.659940 
0.946356 0.731719 0.218672 0.397969 0.931188 0.643429 0.496391 0.692442 0.167096 0.071634 0.320971 
0.338000 0.530419 0.106975 0.763001 0.596370 0.316637 0.121044 0.432668 0.961432 0.569910 0.903844 
0.693083 0.645321 0.250046 0.287217 0.414021 0.441244 0.268845 0.161420 0.548547 0.119731 0.926641 
0.289933 0.312517 1.014107 0.780640 0.829714 0.249283 0.951697 0.476127 0.962531 0.960333 0.187208 
0.571772 0.544213 0.783051 0.494133 0.890324 0.177411 0.197126 0.070505 0.425863 0.614559 0.240768 
0.415639 0.339251 0.897068 0.717711 0.833620 0.072336 0.137402 0.476737 0.719908 0.112773 0.349597 
0.544580 0.287797 0.440481 0.235091 0.393605 0.890171 0.186872 0.329760 0.125652 0.593226 0.538354 
0.418660 0.852786 0.158795 0.415120 0.624538 0.056955 0.090708 0.956641 0.076243 0.209334 0.901982 
0.344989 0.563989 0.430288 0.258957 0.997474 0.086375 0.472281 0.158887 0.659390 0.697142 0.805727 
0.796540 0.428609 0.556177 0.089762 0.276658 0.242996 0.592555 0.809389 0.828799 0.862064 0.684690 
0.359180 0.679563 0.873722 0.764374 0.356189 0.240066 0.758118 0.751159 0.462241 0.763703 0.538964 
0.722777 0.497337 0.130688 0.054239 0.228316 0.125316 0.916478 0.377216 0.150067 0.893071 0.398854 
0.419027 1.020699 0.904423 0.661252 0.244339 0.201338 0.910222 0.447805 0.130993 0.827822 0.095439 
0.926732 0.905064 0.930181 0.345019 1.017891 0.582545 0.632565 0.269333 0.441458 0.849185 0.839511 
0.770691 0.143322 0.408955 0.314409 0.432180 0.253616 0.733337 0.557397 0.510002 0.234695 0.242080 
0.387684 0.810457 0.375232 0.447012 0.637844 0.233077 0.285539 0.089549 0.864993 0.261032 0.551874 
0.804262 0.486472 0.179975 0.204573 0.338366 0.245224 0.306566 0.157239 0.859866 0.411458 1.008369 
0.272751 0.384052 0.627132 0.795442 0.212538 0.850985 0.799135 0.266129 0.725249 0.884373 0.947485 
0.186964 0.531121 0.763336 0.414937 0.489128 0.458426 0.638394 0.344226 0.461691 0.987953 0.522759 
0.829043 0.923772 0.862033 0.090281 0.644986 0.656277 0.914220 0.811495 0.967261 0.874668 0.776032 
0.458334 0.980262 1.023964 0.616756 0.509758 0.786744 0.677335 0.572809 0.488670 0.521538 0.819460 
1.022744 0.761963 0.076822 0.295823 0.364154 0.834383 0.344897 0.709349 0.448996 0.668210 0.384815 
0.545404 0.333147 0.059244 0.419057 0.806947 0.496757 0.600795 0.066629 0.940191 0.191450 0.266800 
0.718688 0.332781 0.070993 0.145398 0.462790 0.165723 0.761108 0.354083 0.462698 0.899540 0.525139 
0.667691 0.198988 0.176832 0.681699 0.890660 0.477622 0.422200 0.930425 0.504570 0.612117 0.920140 
0.242294 0.622432 0.685819 0.653378 0.470572 0.780762 0.300737 0.681699 0.338641 0.600703 0.718657 
0.343280 0.961249 0.850009 0.801179 0.059671 0.554986 0.935919 0.654965 1.025063 0.494590 0.361652 
0.388111 0.562128 0.371235 0.176557 0.884251 0.424733 0.208785 0.951971 1.000404 0.829470 0.494957 
0.313310 0.094889 0.496574 0.182569 0.560571 0.291825 0.482261 0.318407 0.407582 0.387653 0.083048 
0.454733 0.371814 0.807039 0.593806 0.500602 0.845736 0.513634 0.200209 0.168683 0.381184 0.282090 
0.787843 0.674253 0.217818 0.237808 0.947699 0.842013 0.586848 0.070414 0.961127 0.277848 0.821566 
0.827303 0.043801 0.760956 0.805757 0.693510 0.631191 0.512840 0.791169 0.664395 0.985938 0.499962 
0.115367 0.516747 0.908971 0.425313 0.851382 0.985236 0.835452 0.566187 0.919957 0.550165 0.096385 
0.113414 0.696257 0.742736 0.627987 0.169141 0.641842 0.374195 0.909093 0.059061 0.993141 0.595057 
0.408620 0.115093 0.038003 0.190565 0.324053 0.585261 1.011482 1.018868 0.891972 0.826632 0.141522 
0.997932 0.052286 0.437826 0.876926 0.547540 0.747314 0.487174 0.827730 0.892735 0.636501 0.492729 
0.450003 0.134533 0.508873 0.310625 1.005867 0.494987 0.173627 0.587855 0.830233 0.641690 0.110790 
0.935735 0.435354 0.499077 0.662656 0.480247 0.484763 0.452261 0.047525 0.945776 0.167249 0.349444 
0.977180 0.928014 1.002693 0.209608 0.158765 0.512932 0.610683 0.041482 0.463095 0.897374 0.473472 
0.680143 0.039742 0.167981 0.224105 0.047281 0.161237 0.894719 0.491264 0.741760 0.076334 0.694761 
0.832003 0.366352 0.655026 0.423635 0.783570 0.497062 0.105205 0.149579 0.565882 0.701445 0.543206 
0.566980 0.465201 0.511711 0.698973 1.006020 0.431112 0.759430 0.537347 0.693785 0.917302 0.177595 
0.076395 0.424123 0.498008 0.676847 0.184644 0.291398 0.290971 0.201246 0.637539 0.645321 0.718383 
0.570948 0.215499 0.922551 0.636623 0.216994 0.123821 0.511589 0.366931 0.215285 0.516258 0.307146 
0.657376 0.525384 0.403309 0.110179 0.107616 0.840670 0.726684 0.529717 0.088297 0.956274 0.880802 
0.543176 0.685178 0.060648 0.462851 0.370960 0.700346 0.857303 0.532922 0.821871 0.241256 0.922704 
0.164624 0.765228 0.928930 0.207014 0.568476 0.886509 0.256210 0.083628 0.568445 0.382160 0.128185 
0.853396 0.713439 0.750549 0.115123 0.110637 0.804811 0.334063 0.449728 0.876743 0.121044 0.770447 
0.299547 0.906987 0.121105 1.007698 0.346484 0.078257 0.907262 0.040078 0.203627 0.262619 0.229232 
1.021340 0.701750 0.593379 0.310503 0.910313 0.575739 0.530328 0.278123 0.306932 0.583033 0.629787 
0.477225 0.633358 0.584711 0.426107 0.451620 0.317095 0.620876 0.330828 0.871738 0.132580 0.511314 
0.955328 0.190901 0.357013 1.012886 0.763886 0.311540 0.896916 0.064707 0.463095 0.042306 0.041604 
0.152600 0.033517 0.627498 1.000252 0.323809 0.810487 0.129955 0.877567 0.883427 0.519829 0.948858 
0.246170 0.303667 0.674985 0.253311 0.970221 0.377399 0.241653 0.613521 0.437429 0.146862 0.976417 
0.609981 0.855777 0.639248 0.345019 0.703123 0.770447 0.940008 0.427663 0.143231 0.458243 0.635281 
0.716185 0.203291 0.354785 0.154980 0.210494 0.514794 0.171430 0.047220 0.720092 0.788728 0.857822 
0.715666 0.776429 0.702360 0.066141 0.651181 0.063608 0.233321 0.274125 0.688871 0.772278 0.222335 
0.221938 0.321520 0.783845 0.445456 0.820192 0.601161 0.091105 0.977576 0.184461 0.659757 0.361285 
0.127971 0.953711 0.380054 0.048013 0.729735 0.547265 0.248489 0.958319 0.063455 0.518303 0.920537 
0.680906 0.197371 0.658841 0.530389 0.782258 1.024453 1.013039 0.276230 0.176130 0.778229 0.454855 
0.311876 0.573755 0.308336 0.986793 0.476249 0.419515 0.897038 0.414937 0.892277 0.220137 0.897892 
0.557947 0.966071 0.671903 0.978187 0.644863 0.817568 0.493553 0.246017 0.058939 0.674344 0.370105 
0.043313 0.083506 0.259354 0.914403 0.686277 0.805696 0.704191 0.052530 0.934118 0.834963 1.018807 
0.739410 0.467826 0.992134 0.649441 0.410207 0.159741 0.625454 0.155377 0.075113 0.415578 0.709807 
0.536279 0.462271 0.369709 0.385426 0.240982 0.116100 0.215468 0.092326 0.389515 0.856967 0.451407 
0.956641 0.238754 0.508171 0.324572 0.585047 0.424062 0.297227 0.252762 0.924077 1.006966 0.836733 
0.506157 0.339434 0.861240 0.091746 0.930028 0.573053 0.427816 0.240005 0.989967 0.732696 0.370227 
0.830538 0.920232 0.971320 0.161603 0.147473 0.257309 1.012215 0.134594 0.185621 0.539025 0.175855 
1.025490 0.142926 0.451285 0.065164 0.543542 0.837191 0.203169 0.565149 0.997291 0.952856 0.411855 
0.313127 0.508324 0.523980 0.278397 0.296128 0.844607 0.559778 0.336047 0.731383 0.403737 0.219252 
0.551843 0.886204 0.378498 0.440481 0.063089 0.993629 0.634487 0.431600 0.329851 0.920201 0.332629 
0.929265 0.984626 0.741455 0.826601 0.630672 0.160565 0.882542 0.867038 0.706206 0.579706 0.978889 
0.643765 0.797883 0.181684 0.114238 0.696959 0.410634 0.575220 0.591883 0.228835 0.102336 0.092906 
0.894932 0.846957 0.379108 0.730804 0.992927 0.270249 0.701567 0.753845 0.649777 0.029610 0.508965 
0.249008 0.890476 0.693327 0.667173 0.406483 0.281693 0.649594 0.246444 0.810762 0.183576 0.976722 
0.035836 0.522942 0.628231 0.432455 0.700041 0.235061 0.981391 0.093821 0.984962 0.278062 0.043679 
0.678556 0.878696 0.764527 0.747619 0.079264 0.133404 0.647183 0.106151 0.142041 0.055215 0.975257 
0.570093 0.220198 0.967475 0.128612 0.449423 0.534692 0.254471 0.312242 0.555444 0.872684 0.391407 
0.091441 0.720153 0.654813 0.866703 0.249405 0.348407 0.903264 0.403432 0.748199 0.659879 0.141125 
0.385700 0.074656 0.776490 0.755157 0.896397 0.752289 0.311968 0.851840 0.272294 0.300218 0.619472 
0.139843 0.583552 0.420980 0.353717 0.868289 0.942480 0.697752 0.503868 0.353381 0.049356 0.582819 
0.553338 0.124035 0.880619 0.958350 0.922704 0.217848 0.925420 0.050363 0.352099 0.658780 0.877994 
0.977912 0.379627 0.647702 0.190870 0.717864 0.571192 0.497093 0.395863 0.767212 0.658902 0.841189 
0.598658 0.283830 0.243820 0.152539 0.053781 0.987006 0.219558 0.096812 0.225844 0.598811 0.572413 
0.756439 0.242996 0.108195 0.715178 0.254715 0.149762 0.637997 1.010292 0.811800 0.864566 0.197126 
0.638333 0.763062 0.248611 0.098796 0.469016 0.572229 0.192701 0.325609 0.090006 0.369403 0.127270 
0.623623 0.650326 0.045938 0.863162 0.606013 0.674405 0.437216 0.168073 0.647519 0.503136 0.624477 
0.986335 0.851596 0.518151 0.887150 0.706633 0.870670 0.805543 0.336718 0.385670 0.861545 0.415120 
0.763580 0.332537 0.356311 0.871921 0.727874 0.960944 0.331164 0.095683 0.425893 0.315203 0.253158 
0.384937 0.363147 0.176404 0.387074 0.621578 0.365009 0.154706 0.143170 0.352618 0.956946 0.674314 
0.747314 0.905095 0.644650 0.257370 1.014290 0.190260 0.126446 1.012917 0.506432 0.353778 0.967871 
0.736816 0.857822 0.927617 0.770874 0.529900 0.545831 0.640072 0.368366 0.339434 0.891392 0.540734 
0.075113 0.330767 0.568750 0.595546 0.526970 0.495475 0.406422 0.409230 0.138775 0.401906 0.760468 
0.230697 0.713042 0.494651 0.240920 0.898137 0.229995 0.849002 0.073526 0.879429 0.350757 0.786866 
0.877018 0.064981 0.664426 0.260208 0.137829 0.468436 0.210677 0.408192 0.163556 0.491905 0.309068 
0.194624 0.795778 0.911931 0.226058 0.531518 0.664060 0.242477 0.711333 0.795381 0.262406 0.631008 
0.934332 0.142285 0.629024 0.944006 0.852725 0.528008 0.910741 0.198286 0.543359 0.839419 0.593806 
0.994331 0.527856 0.043679 0.681638 0.107463 0.623043 0.761017 0.601191 0.894017 0.348437 0.167615 
0.119152 0.667691 0.421529 0.635098 0.049051 0.703245 0.372059 1.012154 0.030709 1.023232 0.806856 
0.955450 0.163098 0.624050 0.356128 0.215193 0.772187 0.297960 0.833041 0.282395 0.094371 0.707060 
0.636837 0.303453 0.157910 0.864993 0.931829 0.668607 0.641995 0.683805 0.632931 0.180646 0.996254 
0.740966 0.728850 0.209761 0.600825 0.923620 0.974769 0.740997 0.249252 0.105815 0.485099 0.720488 
0.734161 0.515618 0.258133 0.607143 0.818239 0.947271 0.163403 0.534997 0.371204 0.475882 0.423238 
0.993843 0.953711 0.830141 0.119731 0.433004 0.630001 0.079325 0.758453 0.695951 0.290483 0.791230 
0.419698 0.690397 0.264878 0.316881 0.529412 0.201796 0.508049 0.358600 0.779908 0.255051 0.139172 
0.477378 0.232742 0.931585 0.615596 0.696165 0.134258 0.047647 0.322924 0.854739 0.475181 0.600429 
0.862125 0.873264 0.825686 0.387470 0.815431 0.579829 0.477225 0.706816 0.271683 0.259110 0.422139 
0.543023 0.893009 0.577631 0.202254 0.145855 0.803529 0.042459 0.158276 0.408009 0.081614 0.649258 
0.110301 0.947577 0.137158 0.876011 1.001808 0.302080 0.754486 0.678861 0.537072 0.140057 0.082713 
0.645962 0.344805 0.896489 0.354755 0.965827 0.697722 0.738006 0.615871 0.366565 0.320330 0.264939 
0.243270 0.681730 0.315843 0.855655 0.538171 0.199690 0.743530 0.059488 0.171064 0.452322 0.877415 
0.945410 0.762085 0.599330 0.678312 0.811189 0.377033 0.064676 0.509575 0.160870 0.221144 0.581080 
0.628567 0.355762 0.310777 0.299089 0.484611 0.845340 0.405324 0.116741 0.354785 0.384754 0.980048 
0.886234 0.348925 0.144818 0.520897 0.653775 0.315172 0.120891 0.923406 0.589045 0.676847 0.746582 
0.275712 0.759979 0.732391 0.119121 0.808076 0.409932 0.449515 0.742218 0.289414 0.892796 0.284592 
0.192396 0.652463 0.922673 0.058847 0.616054 0.128551 0.294053 0.422200 0.462241 0.673765 0.729461 
0.936529 0.358417 0.966773 1.009468 0.309068 0.534814 0.760742 0.042977 0.807710 0.703917 0.869754 
0.032906 0.388905 0.801423 0.571253 0.393513 0.570032 0.494621 0.705717 0.576410 0.576838 0.864566 
0.255020 0.460745 0.797639 0.168500 0.680387 0.464224 0.075602 0.088481 0.801332 0.030984 0.869876 
0.372608 0.497093 0.652676 0.817202 0.275101 1.011421 0.079111 0.725280 0.701414 0.142071 0.874546 
0.528985 0.464713 0.096446 0.975715 0.240554 0.559992 0.294511 0.408559 0.425405 0.861820 0.900029 
0.818941 0.234420 0.152356 0.361774 0.974158 0.524193 0.885807 0.745758 0.891697 0.096446 0.594905 
0.139507 0.750732 0.587824 0.346942 0.910130 0.243545 0.041146 0.154370 0.096843 0.522301 0.689970 
0.746948 0.719939 0.397908 0.986701 0.611385 0.286515 0.947119 0.406758 0.704832 0.275132 0.183942 
0.058878 0.748596 0.880039 0.952032 0.633450 0.507744 0.796388 0.693602 0.720122 0.964026 0.327837 
0.252060 1.025582 0.786714 0.597651 0.363666 0.523186 1.009346 0.144451 0.995094 0.065409 0.317308 
0.684080 0.182874 0.490348 0.853183 0.318682 0.531182 0.753570 0.945715 0.974402 1.023842 0.116985 
0.669248 0.348651 0.307207 0.925115 0.639157 0.148694 0.100047 1.000801 0.949896 0.902165 0.886417 
0.191145 0.661984 0.121166 0.548120 0.095408 0.744079 0.101542 0.092875 0.505272 0.876255 0.137585 
0.134502 0.589625 1.020943 0.434225 0.281083 0.354724 0.167615 0.498039 0.087809 0.410939 0.157819 
0.287461 0.730437 0.577143 0.996070 0.904607 0.055643 0.354755 0.553766 0.108775 0.164777 0.801698 
0.071665 0.434042 0.186781 0.838198 0.367633 0.191053 0.397023 0.515557 0.155438 0.135357 0.338030 
0.278916 0.381519 0.082621 0.098460 0.755432 0.985114 0.252518 0.406453 0.099131 0.988929 0.622463 
0.693602 0.423787 0.325792 0.072092 0.786225 0.354541 0.308092 0.600367 0.379413 0.230392 0.145886 
0.395893 0.950842 0.988044 0.420278 0.042123 0.270005 0.258652 0.917882 0.638638 0.159894 0.708861 
0.733031 0.119579 0.666196 0.157025 0.043924 0.550683 0.291490 0.496360 0.468497 0.685941 0.449911 
0.955511 0.406911 0.565515 0.798860 0.728881 0.276627 0.435720 0.603786 0.506859 0.046029 0.772583 
0.792634 0.937841 0.973578 0.690122 0.855716 0.553186 0.957678 0.514824 0.247818 0.186353 0.404805 
0.807069 0.448385 0.417287 1.021065 0.611415 0.335955 0.073465 0.433675 0.216353 0.033730 0.319017 
0.049234 0.205366 0.881840 0.362811 0.054300 0.079874 0.692625 0.316820 0.964728 0.236190 0.945837 
0.236587 0.630245 0.576716 0.079111 0.873966 0.100261 0.537560 0.530785 0.174512 0.257462 0.813295 
0.690367 0.050027 0.624782 0.560022 0.414113 0.457724 0.252853 0.358569 0.260819 0.317339 0.093821 
0.718505 0.104747 0.297563 0.767395 0.404256 0.281907 1.002418 0.125805 0.365131 0.925329 0.589686 
0.524376 0.549798 0.646573 0.352130 0.202437 0.386829 0.218917 0.292741 0.682829 0.212691 0.418782 
0.225478 0.594538 0.427968 0.681486 0.432546 0.825747 0.663602 0.728026 0.409688 0.413014 0.737975 
0.818514 0.730682 0.073282 0.686399 0.788911 0.561823 0.784486 0.644039 0.527245 0.858646 0.321215 
0.863559 0.045572 0.775025 0.152020 0.648831 0.803773 0.316667 0.603999 0.486015 0.441458 0.770020 
0.701170 0.152997 0.574824 0.937628 0.583216 0.088633 0.813570 0.711546 0.910375 0.803071 0.655087 
1.015908 0.160779 0.610164 0.412068 0.649655 0.227035 0.463736 0.829043 0.061319 0.217330 0.178297 
0.544976 0.586237 0.868320 0.815920 0.057932 0.178174 0.475303 0.520226 0.347552 0.166333 0.746612 
0.579157 0.812196 0.068918 0.487418 0.997322 0.676816 0.994606 0.520653 0.359332 0.527886 0.663205 
0.749847 0.265579 0.131145 0.576685 0.771180 0.121349 0.189253 0.371784 0.940496 0.560785 0.194807 
0.885655 0.301622 0.286820 0.035470 0.965399 0.282365 0.608516 0.507408 0.553338 0.564112 0.456625 
0.392781 0.078623 0.031777 0.159314 0.258499 0.686887 0.209944 0.758636 0.631466 0.338915 0.091624 
0.149060 0.707152 0.309953 0.765717 0.820314 0.247848 0.120342 0.749725 0.483878 0.826357 0.429342 
0.433767 0.366504 0.071543 0.922735 0.542016 0.450339 0.072611 0.726195 1.018227 0.441915 0.597194 
0.375202 0.240951 0.750763 0.280534 0.872593 0.975654 0.258926 0.441610 0.865512 0.968695 0.163190 
0.682310 0.472739 0.590815 0.670163 0.926000 0.793611 0.435323 0.826723 0.052133 0.629665 0.277604 
0.266068 0.782624 0.450766 0.302354 0.151440 0.976050 0.136303 1.004677 0.097789 0.987129 0.523339 
0.670865 0.353839 0.246078 0.292192 0.846194 1.024666 0.715483 0.221724 0.694670 0.616786 0.380054 
0.344622 0.657834 0.686796 0.425985 0.034341 0.318804 0.874698 0.266037 0.555261 0.877353 0.103007 
0.066324 0.106425 0.142742 0.223739 0.931829 0.891392 0.450430 0.893254 0.405629 0.243942 0.408620 
0.957129 0.439565 0.342456 0.881504 0.126232 0.491355 0.542626 0.114574 0.224898 0.905186 0.861362 
0.409413 0.792359 0.231551 0.641690 0.252975 0.319445 0.643032 0.930944 0.308427 0.901005 0.101726 
@@@@@@@@@@@@@@@@

qtd epocas = 340


vetor com as saidas desejadas:
0.061100 0.286000 0.746400 0.483100 
0.510200 0.746400 0.086000 0.596500 
0.000400 0.691600 0.500600 0.531800 
0.943000 0.447600 0.264800 0.684300 
0.139900 0.161000 0.247700 0.287200 
0.642300 0.322900 0.856700 0.766300 
0.649200 0.000700 0.642200 0.566600 
0.181800 0.507800 0.904600 0.660100 
0.738200 0.264700 0.191600 0.542700 
0.387900 0.130700 0.865600 0.583600 
0.190300 0.652300 0.782000 0.695000 
0.840100 0.449000 0.271900 0.679000 
0.002900 0.326400 0.247600 0.295600 
0.708800 0.934200 0.276300 0.774200 
0.128300 0.188200 0.725300 0.466200 
0.888200 0.307700 0.893100 0.809300 
0.222500 0.918200 0.782000 0.758100 
0.195700 0.842300 0.308500 0.582600 
0.999100 0.591400 0.393300 0.793800 
y = 0.507383
y = 0.514771
y = 0.522160
y = 0.529547
y = 0.536928
y = 0.544302
y = 0.551663
y = 0.559010
y = 0.566338
y = 0.573645
y = 0.580928
y = 0.588183
y = 0.595407
y = 0.602598
y = 0.609752
y = 0.616866
y = 0.623938
y = 0.630964
y = 0.637943
y = 0.644871
