vetor pesos sinapticos original:
0.952544 0.414777 0.011750 0.276894 0.791314 0.384594 0.497391 0.074343 0.317698 0.004242 0.176641 
0.017457 0.758568 0.232337 0.756462 0.737968 0.461409 0.798334 0.232337 0.196997 0.199591 0.911802 
0.886227 0.316965 0.401593 0.200049 0.598376 0.670309 0.210059 0.155492 0.630421 0.755852 0.777490 
0.874020 0.535112 0.894436 0.704123 0.365581 0.349193 0.275033 0.025178 0.218635 0.726005 0.182409 
0.652669 0.898862 0.163488 0.937529 0.678732 0.464156 0.984466 0.582354 0.446638 0.976989 0.224677 
0.839961 0.795587 0.395032 0.085849 0.381176 0.385327 0.221686 0.109012 0.929289 0.507614 0.697714 
0.724784 0.233680 0.289621 0.814875 0.337230 0.444075 0.696799 0.933317 0.596789 0.916318 0.240272 
0.283700 0.019074 0.980956 0.796014 0.135228 0.605640 0.706137 0.441206 0.910978 0.622822 0.185888 
0.714805 0.031770 0.195196 0.384777 0.207831 0.770013 0.869747 0.070772 0.890255 0.893948 0.806635 
0.867214 0.080264 0.384991 0.753716 0.954772 0.462600 0.007874 0.460128 0.455763 0.061647 0.016022 
0.685751 0.030610 0.576159 0.772729 0.462386 0.719047 0.981414 0.569445 0.763512 0.556200 0.805078 
0.423139 0.238136 0.995788 0.983489 0.132694 0.165746 0.670797 0.704001 0.377026 0.287667 0.523698 
0.139805 0.134800 0.672109 0.836634 0.484024 0.208228 0.268441 0.193548 0.188330 0.131260 0.307260 
0.905179 0.813410 0.244026 0.202338 0.927946 0.396527 0.214393 0.110782 0.808557 0.743309 0.788018 
0.807733 0.685141 0.549425 0.048341 0.031526 0.876095 0.758599 0.967528 0.956297 0.088229 0.063173 
0.529405 0.947172 0.775475 0.953673 0.206458 0.255318 0.678793 0.223151 0.071017 0.808710 0.079409 
0.333171 0.322886 0.754509 0.795923 0.547197 0.513993 0.910092 0.456862 0.237800 0.251686 0.778161 
0.080050 0.274087 0.661702 0.282693 0.489578 0.895199 0.392224 0.882076 0.602039 0.976653 0.440138 
0.214850 0.113285 0.095401 0.580950 0.935698 0.616779 0.300058 0.683218 0.896359 0.684469 0.992157 
0.689199 0.329081 0.942412 0.825282 0.542741 0.187994 0.671316 0.028077 0.845668 0.304971 0.964019 
0.057100 0.523759 0.516221 0.970550 0.986053 0.284158 0.415784 0.262612 0.537614 0.144566 0.892453 
0.848476 0.164403 0.816340 0.105655 0.869106 0.084414 0.221961 0.057741 0.507675 0.678274 0.929136 
0.417493 0.143010 0.153844 0.781365 0.752403 0.278298 0.884915 0.507645 0.824976 0.276650 0.329417 
0.591845 0.110202 0.434400 0.934721 0.182684 0.189581 0.423750 0.934874 0.326579 0.178381 0.635456 
0.447005 0.303446 0.842677 0.453536 0.772729 0.347728 0.561724 0.992676 0.310709 0.535142 0.792505 
0.329661 0.987274 0.116733 0.192328 0.760521 0.610218 0.081668 0.056154 0.113926 0.053133 0.229438 
0.224158 0.652974 0.676046 0.533372 0.116733 0.595416 0.888363 0.076205 0.052431 0.785089 0.260842 
0.339427 0.505356 0.544237 0.092715 0.127110 0.458296 0.239265 0.839961 0.905911 0.507981 0.590442 
0.311106 0.842189 0.878262 0.256813 0.037263 0.317972 0.997803 0.728080 0.721702 0.206336 0.798730 
0.054140 0.176092 0.687948 0.391888 0.443922 0.649281 0.889828 0.275582 0.264382 0.954802 0.127659 
0.733573 0.471450 0.303507 0.033052 0.578814 0.003601 0.247627 0.346324 0.899228 0.169774 0.642262 
0.657094 0.961730 0.562426 0.030610 0.873043 0.930418 0.527512 0.359783 0.698599 0.555803 0.722221 
0.432173 0.904538 0.490829 0.791742 0.000122 0.669973 0.390088 0.696646 0.908994 0.777764 0.448500 
0.721793 0.195349 0.944670 0.535752 0.698019 0.546739 0.067629 0.582629 0.468276 0.028748 0.667226 
0.375591 0.128727 0.486007 0.309610 0.415723 0.076937 0.523270 0.288430 0.998566 0.397626 0.472854 
0.347392 0.170629 0.617634 0.254616 0.725547 0.719382 0.361431 0.534776 0.305551 0.852504 0.938078 
0.089755 0.147343 0.722953 0.391125 0.781457 0.187231 0.455916 0.042817 0.049959 0.384503 0.833979 
0.063417 0.330393 0.096683 0.296823 0.097324 0.299295 0.964415 0.411451 0.477126 0.357921 0.087130 
0.469649 0.056612 0.257729 0.771599 0.368236 0.194494 0.274819 0.633229 0.429243 0.919340 0.839564 
0.332804 0.315470 0.807764 0.027161 0.728813 0.698050 0.606586 0.816523 0.727165 0.832270 0.130375 
0.522080 0.609516 0.697928 0.465835 0.306314 0.121250 0.860164 0.013642 0.178472 0.100528 0.707419 
0.399976 0.385662 0.929472 0.222602 0.787927 0.603015 0.589099 0.943632 0.620960 0.828730 0.598865 
0.269570 0.329020 0.390637 0.622272 0.769219 0.028871 0.970244 0.019623 0.647053 0.749840 0.050508 
0.129582 0.024567 0.215949 0.693991 0.560076 0.191565 0.716514 0.056825 0.270638 0.484817 0.095157 
0.545915 0.726768 0.949797 0.389935 0.024415 0.907804 0.441725 0.154454 0.972594 0.449721 0.322855 
0.992309 0.009735 0.703848 0.410871 0.335429 0.684194 0.992706 0.336222 0.998138 0.936522 0.844661 
0.963561 0.537339 0.143162 0.488083 0.033876 0.951109 0.146519 0.386761 0.683920 0.746025 0.177190 
0.097293 0.998199 0.905179 0.075472 0.230201 0.251015 0.787713 0.717643 0.795801 0.994079 0.491134 
0.053713 0.715934 0.645741 0.708060 0.662770 0.783258 0.738853 0.607959 0.232002 0.848689 0.482833 
0.775964 0.866054 0.518845 0.796564 0.739189 0.632374 0.144475 0.468062 0.112461 0.249458 0.381176 
0.597613 0.894375 0.323771 0.103427 0.980132 0.944761 0.041688 0.953673 0.583300 0.175451 0.722983 
0.307230 0.777764 0.484909 0.141514 0.934568 0.475295 0.968261 0.020295 0.141942 0.831721 0.434004 
0.606067 0.672079 0.670186 0.758751 0.730461 0.145573 0.281777 0.110813 0.263955 0.324747 0.759026 
0.574541 0.368206 0.980865 0.518906 0.205878 0.453810 0.646290 0.171819 0.051302 0.249214 0.032655 
0.392132 0.160375 0.887356 0.396039 0.947203 0.124119 0.415906 0.630909 0.540696 0.169897 0.637837 
0.373882 0.626728 0.343974 0.688101 0.898160 0.850948 0.813562 0.253121 0.080569 0.274606 0.819025 
0.838893 0.222053 0.038514 0.307749 0.994232 0.002777 0.622211 0.781091 0.895383 0.353404 0.355327 
0.385083 0.198309 0.523423 0.337413 0.777093 0.564531 0.128361 0.421552 0.798395 0.767266 0.456465 
0.419385 0.485427 0.783837 0.816431 0.182592 0.449477 0.780725 0.207495 0.717948 0.157323 0.397198 
0.092959 0.991394 0.143101 0.234443 0.558611 0.578234 0.683370 0.955657 0.636891 0.815088 0.965972 
0.903775 0.078646 0.610034 0.284707 0.643208 0.353252 0.567309 0.290414 0.331523 0.158391 0.582537 
0.829768 0.327494 0.221015 0.565142 0.403546 0.941679 0.670614 0.443709 0.775262 0.735771 0.765679 
0.111087 0.761071 0.277352 0.255348 0.464949 0.732994 0.755486 0.156804 0.200262 0.866085 0.364269 
0.229987 0.510422 0.660970 0.860164 0.930876 0.352214 0.773156 0.199011 0.124424 0.431867 0.679983 
0.660146 0.338755 0.568072 0.217078 0.362224 0.841273 0.587909 0.514878 0.578478 0.318552 0.412610 
0.366924 0.756890 0.440931 0.488662 0.561113 0.651540 0.093081 0.221168 0.204840 0.471755 0.551866 
0.565233 0.576006 0.454909 0.392651 0.431806 0.530015 0.769433 0.405591 0.064333 0.995331 0.154088 
0.302622 0.042268 0.587542 0.199835 0.497024 0.067751 0.874447 0.680471 0.736198 0.191992 0.322275 
0.838404 0.869503 0.636921 0.455031 0.031770 0.531907 0.869198 0.257912 0.649220 0.024964 0.082278 
0.356243 0.698202 0.176366 0.742851 0.000763 0.973663 0.459181 0.358104 0.391217 0.212928 0.151982 
0.119785 0.368664 0.143254 0.821772 0.581805 0.008484 0.828089 0.909513 0.026673 0.144902 0.218360 
0.701468 0.678518 0.358379 0.315378 0.465712 0.417066 0.457167 0.851100 0.036317 0.150670 0.984344 
0.892056 0.626057 0.503372 0.781365 0.273812 0.148686 0.972564 0.139470 0.271432 0.832423 0.213996 
0.570544 0.412458 0.405499 0.609699 0.727866 0.838984 0.635609 0.775323 0.508957 0.124577 0.503464 
0.163488 0.871029 0.952818 0.793176 0.418714 0.390728 0.562914 0.379070 0.640828 0.099216 0.369671 
0.991913 0.212592 0.623920 0.663381 0.743919 0.348399 0.168004 0.795709 0.195624 0.019440 0.359355 
0.758629 0.244667 0.412458 0.499557 0.561998 0.617847 0.577807 0.244667 0.316111 0.248421 0.423170 
0.249031 0.425703 0.319193 0.709403 0.802973 0.801538 0.252754 0.204291 0.996063 0.495621 0.430403 
0.651112 0.436934 0.666952 0.920866 0.707572 0.061068 0.282998 0.999786 0.511948 0.057680 0.464248 
0.741783 0.032319 0.446883 0.877316 0.465835 0.855251 0.338664 0.083224 0.315439 0.570116 0.404767 
0.247047 0.754997 0.405530 0.594531 0.115055 0.263009 0.273965 0.626240 0.665639 0.004334 0.880612 
0.285104 0.340464 0.761834 0.053194 0.059145 0.261910 0.909116 0.948637 0.144230 0.343028 0.705710 
0.292825 0.349345 0.696249 0.695456 0.310068 0.933775 0.247444 0.490005 0.498062 0.906858 0.961058 
0.718009 0.904843 0.822321 0.582842 0.421857 0.063906 0.597461 0.306681 0.682699 0.244148 0.389355 
0.271096 0.755333 0.169744 0.058962 0.292306 0.494217 0.867794 0.254036 0.739982 0.351512 0.798639 
0.642781 0.961486 0.728813 0.925932 0.328990 0.161565 0.963683 0.882107 0.980132 0.143071 0.731925 
0.886258 0.699454 0.815516 0.147465 0.569567 0.173589 0.877071 0.340678 0.365978 0.126926 0.577227 
0.796167 0.622883 0.613483 0.965209 0.231880 0.088992 0.178320 0.531266 0.300546 0.935789 0.419202 
0.646870 0.894314 0.967650 0.979766 0.709616 0.334391 0.178533 0.505692 0.399884 0.226600 0.309977 
0.595294 0.954833 0.264351 0.567492 0.274880 0.866237 0.759850 0.151646 0.031220 0.908506 0.185308 
0.759514 0.931974 0.902890 0.505173 0.713126 0.864681 0.124393 0.580432 0.871456 0.426923 0.757530 
0.426557 0.981445 0.497543 0.306864 0.606311 0.624928 0.020905 0.369366 0.538316 0.417493 0.035524 
0.673940 0.003174 0.615589 0.477676 0.794977 0.627888 0.787927 0.791986 0.445845 0.630085 0.707816 
0.879849 0.758965 0.603412 0.122196 0.416761 0.458113 0.624958 0.554186 0.070437 0.329814 0.466384 
0.794671 0.650227 0.899869 0.189795 0.239998 0.719413 0.720756 0.909452 0.731498 0.702017 0.177190 
0.000916 0.052889 0.014649 0.215278 0.538804 0.742790 0.255104 0.901456 0.243965 0.377209 0.978881 
0.218238 0.722098 0.979614 0.094638 0.002319 0.274209 0.713675 0.410627 0.431440 0.060945 0.515976 
0.361858 0.966399 0.901547 0.823908 0.450972 0.154424 0.488662 0.055910 0.432875 0.200201 0.300790 
0.999847 0.774773 0.710410 0.992889 0.765526 0.422834 0.518662 0.546800 0.458388 0.407025 0.996796 
0.963103 0.229865 0.314585 0.758293 0.774560 0.860958 0.164434 0.161168 0.163610 0.535264 0.712760 
0.515488 0.964446 0.957884 0.721763 0.402142 0.330943 0.475997 0.222510 0.009766 0.352275 0.357982 
0.303110 0.894833 0.396527 0.886654 0.453597 0.072176 0.464553 0.423261 0.998535 0.841914 0.334452 
0.098849 0.649098 0.258461 0.778588 0.288217 0.705222 0.649251 0.634022 0.523667 0.939543 0.087405 
0.007630 0.004456 0.694113 0.226783 0.397443 0.358165 0.221564 0.404004 0.011048 0.810266 0.801202 
0.414319 0.062593 0.417920 0.662069 0.867916 0.329539 0.525040 0.243873 0.532151 0.750481 0.093661 
0.826930 0.566607 0.345134 0.068972 0.062471 0.056948 0.237983 0.433576 0.434950 0.753716 0.066500 
0.107456 0.186621 0.422620 0.555620 0.350169 0.736900 0.712271 0.539109 0.820704 0.126591 0.945921 
0.209998 0.952391 0.519211 0.743004 0.880245 0.798090 0.289773 0.877377 0.031678 0.002564 0.733055 
0.277657 0.939268 0.057955 0.922056 0.576952 0.647664 0.498642 0.748131 0.117161 0.582751 0.191961 
0.674184 0.814997 0.579089 0.380902 0.231635 0.795160 0.604663 0.634693 0.793298 0.197790 0.964049 
0.364269 0.652242 0.065859 0.261452 0.058107 0.939238 0.718589 0.904935 0.895230 0.408765 0.517808 
0.432325 0.891171 0.625904 0.433119 0.441389 0.233741 0.584368 0.311838 0.404218 0.964263 0.287820 
0.260628 0.147832 0.660634 0.325236 0.044465 0.282144 0.278878 0.971435 0.909543 0.356151 0.809137 
0.844600 0.736167 0.024232 0.902036 0.651448 0.928159 0.003235 0.122349 0.051576 0.944609 0.101901 
0.985809 0.172399 0.880612 0.103824 0.435041 0.805261 0.002991 0.785119 0.911863 0.814997 0.647511 
0.848079 0.680746 0.793237 0.383374 0.052278 0.561113 0.487411 0.851833 0.324107 0.723746 0.035951 
0.184759 0.125797 0.708029 0.541887 0.409589 0.865963 0.316141 0.015259 0.746696 0.631855 0.540361 
0.216041 0.205725 0.025819 0.179937 0.428571 0.387158 0.385754 0.303598 0.699210 0.894772 0.172124 
0.213996 0.567583 0.266152 0.802087 0.070437 0.823908 0.826716 0.711936 0.826075 0.322275 0.373913 
0.929746 0.635517 0.382336 0.097781 0.938597 0.389843 0.809839 0.644093 0.112247 0.534593 0.067629 
0.726188 0.504501 0.827052 0.628468 0.192083 0.272866 0.189489 0.040315 0.952879 0.518784 0.314310 
0.736412 0.678457 0.824702 0.177313 0.119846 0.667440 0.269814 0.115390 0.955779 0.796930 0.205756 
0.625141 0.600726 0.958739 0.572985 0.538102 0.101474 0.887997 0.039430 0.729484 0.694205 0.790796 
0.743248 0.016266 0.735191 0.676870 0.919370 0.400861 0.594531 0.803522 0.192938 0.316935 0.544053 
0.137059 0.819605 0.033296 0.170385 0.238472 0.654286 0.872311 0.344859 0.478530 0.129948 0.398877 
0.281289 0.989776 0.027131 0.236702 0.712790 0.260842 0.316019 0.667287 0.719077 0.779717 0.851650 
0.668752 0.235328 0.631764 0.204321 0.550249 0.774133 0.459609 0.405744 0.838313 0.391186 0.690146 
0.892544 0.571276 0.426954 0.435591 0.428083 0.658467 0.054262 0.974609 0.284555 0.459883 0.164525 
0.219459 0.465468 0.242714 0.622517 0.076449 0.250771 0.671438 0.421735 0.104282 0.845576 0.986908 
0.771752 0.378277 0.413190 0.031465 0.647694 0.965361 0.274667 0.776116 0.834712 0.917020 0.555406 
0.505325 0.997223 0.185827 0.060183 0.316965 0.804956 0.372265 0.658101 0.092563 0.647176 0.707633 
0.958434 0.594531 0.965606 0.179693 0.558855 0.846736 0.738029 0.207190 0.647176 0.454299 0.143437 
0.769219 0.237587 0.019532 0.940123 0.396191 0.823389 0.309305 0.587725 0.928251 0.726524 0.330790 
0.645039 0.447371 0.925871 0.972076 0.474044 0.289987 0.645344 0.362621 0.782159 0.545335 0.482864 
0.611682 0.033357 0.946898 0.361583 0.079073 0.259957 0.562304 0.084780 0.835932 0.305826 0.188635 
0.775475 0.470809 0.032472 0.858852 0.981841 0.898129 0.519639 0.365673 0.730247 0.324381 0.790643 
0.209784 0.306589 0.029206 0.095065 0.877438 0.047334 0.116947 0.278756 0.854915 0.921842 0.895016 
0.273324 0.285409 0.186499 0.035798 0.235847 0.674703 0.893063 0.177862 0.370403 0.551805 0.530931 
0.122745 0.962188 0.491195 0.586169 0.283975 0.656056 0.402478 0.297342 0.543870 0.510453 0.493789 
0.390118 0.175268 0.857692 0.815455 0.071352 0.983764 0.502426 0.789880 0.064638 0.326579 0.289193 
0.634022 0.967528 0.165319 0.570238 0.080752 0.712851 0.807550 0.605029 0.305216 0.414380 0.494247 
0.422742 0.462477 0.378826 0.489608 0.178869 0.742943 0.564776 0.828394 0.537095 0.351360 0.270425 
0.378216 0.107822 0.316202 0.330943 0.372417 0.474899 0.535051 0.606830 0.069735 0.841029 0.962706 
0.044679 0.697439 0.823878 0.348186 0.091250 0.333537 0.433760 0.426710 0.742485 0.885311 0.764122 
0.973113 0.008484 0.818964 0.426252 0.622639 0.075716 0.798303 0.259499 0.865810 0.947783 0.887326 
0.347728 0.123173 0.845851 0.473647 0.874172 0.306528 0.150243 0.569109 0.845058 0.772668 0.164312 
0.643086 0.213843 0.075747 0.481674 0.645833 0.436903 0.425306 0.238136 0.377178 0.992340 0.254769 
0.030122 0.857234 0.892575 0.808466 0.779717 0.855220 0.722831 0.151585 0.328654 0.233070 0.235786 
0.510941 0.042055 0.259377 0.034394 0.351634 0.202887 0.550432 0.373791 0.096347 0.479049 0.794519 
0.613422 0.893704 0.243690 0.915525 0.351085 0.341258 0.030519 0.832514 0.769768 0.570452 0.904904 
0.470870 0.228431 0.598468 0.032380 0.182012 0.628529 0.354472 0.225806 0.227271 0.586749 0.285470 
0.751915 0.482742 0.946196 0.948912 0.179113 0.020814 0.655995 0.497543 0.547685 0.725181 0.552110 
0.463301 0.643239 0.595019 0.069063 0.746117 0.654988 0.895047 0.415021 0.214270 0.000183 0.807642 
0.240730 0.822047 0.595782 0.742790 0.334208 0.651448 0.358257 0.962951 0.371563 0.783898 0.213904 
0.678213 0.256142 0.408155 0.399457 0.268654 0.076693 0.071139 0.335337 0.789880 0.215766 0.477218 
0.852382 0.417920 0.639973 0.742668 0.053194 0.989837 0.902951 0.511704 0.589770 0.296396 0.892666 
0.839778 0.638020 0.282907 0.853847 0.250801 0.351207 0.814325 0.717399 0.874599 0.072817 0.161382 
0.267312 0.070467 0.090701 0.863460 0.177129 0.443434 0.213324 0.124546 0.446425 0.659352 0.949522 
0.399152 0.269082 0.964965 0.573077 0.323160 0.864681 0.819452 0.853511 0.647420 0.303507 0.543474 
0.733634 0.328959 0.857570 0.391980 0.736167 0.436934 0.907682 0.957274 0.379681 0.029267 0.938932 
0.308145 0.385968 0.656056 0.654836 0.771874 0.959258 0.646474 0.742332 0.764824 0.919218 0.834864 
0.318003 0.578265 0.968780 0.882626 0.587512 0.525437 0.877590 0.852168 0.748985 0.356273 0.863338 
0.188849 0.671804 0.345805 0.950865 0.767602 0.382153 0.962828 0.591784 0.159978 0.886441 0.524735 
0.324503 0.778588 0.363536 0.745140 0.756920 0.054109 0.258034 0.579974 0.652394 0.302408 0.304514 
0.279061 0.400616 0.436964 0.015076 0.048830 0.654469 0.183294 0.660909 0.232490 0.414014 0.951659 
0.279183 0.414228 0.339305 0.024232 0.736778 0.353374 0.572619 0.212989 0.381542 0.155065 0.851894 
0.644337 0.313272 0.583209 0.196448 0.827204 0.804376 0.922452 0.946196 0.660512 0.902768 0.295236 
0.435377 0.536302 0.747276 0.840144 0.082797 0.194769 0.627491 0.657765 0.178961 0.487747 0.318705 
0.930509 0.151738 0.706229 0.723685 0.122379 0.591968 0.628956 0.352275 0.665242 0.819941 0.947874 
0.670278 0.037324 0.274178 0.226691 0.848354 0.641163 0.503891 0.048952 0.942991 0.385754 0.045839 
0.511856 0.040132 0.380993 0.967559 0.721854 0.393048 0.648885 0.357616 0.448744 0.085452 0.259133 
0.544664 0.593982 0.251350 0.794488 0.325846 0.629749 0.382855 0.552507 0.986694 0.665059 0.757073 
0.389996 0.392712 0.294870 0.513230 0.616199 0.935209 0.889004 0.411786 0.840938 0.611255 0.476211 
0.806055 0.184332 0.019868 0.880947 0.858303 0.753990 0.555712 0.267495 0.530900 0.795923 0.580828 
0.749351 0.384503 0.425581 0.856594 0.218604 0.713767 0.345470 0.016419 0.052950 0.052400 0.454878 
0.360820 0.855251 0.578631 0.758934 0.755974 0.882931 0.452010 0.482253 0.916959 0.323191 0.613636 
0.794366 0.857234 0.069735 0.080020 0.052400 0.785180 0.158116 0.262642 0.967803 0.229194 0.515275 
0.344035 0.602863 0.672689 0.179937 0.241707 0.603931 0.479751 0.649922 0.191321 0.576983 0.393658 
0.512467 0.480270 0.011994 0.388256 0.014435 0.362682 0.662526 0.154576 0.727805 0.687704 0.786523 
0.003235 0.967223 0.271401 0.154729 0.464217 0.115970 0.544694 0.233039 0.365032 0.516099 0.507218 
0.444685 0.668874 0.079409 0.519700 0.918973 0.853481 0.275491 0.965087 0.632527 0.112552 0.652608 
0.310221 0.349284 0.160497 0.548448 0.599200 0.265816 0.922117 0.146367 0.909391 0.767510 0.887906 
0.533586 0.801874 0.202826 0.417310 0.917692 0.297128 0.081149 0.769860 0.657308 0.407422 0.600726 
0.146214 0.263955 0.756920 0.912870 0.520615 0.030519 0.321116 0.028932 0.545061 0.442824 0.816797 
0.775964 0.307321 0.031007 0.773064 0.707389 0.223609 0.816431 0.816004 0.375225 0.847377 0.010285 
0.196966 0.869778 0.875210 0.121067 0.096438 0.032899 0.131352 0.125614 0.734397 0.251900 0.812006 
0.861751 0.818873 0.239204 0.770531 0.297098 0.363292 0.704978 0.125034 0.831690 0.404462 0.328288 
0.969543 0.289621 0.652120 0.933744 0.469527 0.756798 0.601215 0.278909 0.124058 0.920103 0.138676 
0.359905 0.474807 0.065279 0.175237 0.640278 0.043550 0.389142 0.334056 0.110385 0.779717 0.782220 
0.227271 0.582842 0.798730 0.738548 0.351543 0.130589 0.692587 0.548875 0.134098 0.073977 0.194281 
0.432875 0.160436 0.422681 0.476516 0.767510 0.114811 0.178961 0.866726 0.066836 0.465072 0.408826 
0.259377 0.870693 0.422437 0.486526 0.006684 0.197089 0.208625 0.419568 0.569170 0.715995 0.160131 
0.659780 0.707022 0.299417 0.702170 0.307047 0.494034 0.105350 0.722709 0.111911 0.934965 0.850673 
0.378338 0.183233 0.467421 0.429823 0.863002 0.807123 0.130192 0.535813 0.170537 0.283395 0.678335 
0.438856 0.383251 0.186163 0.427290 0.580004 0.516556 0.954131 0.106357 0.135014 0.451674 0.217353 
0.503464 0.205573 0.987671 0.766778 0.181951 0.793451 0.543565 0.572192 0.051149 0.214118 0.542436 
0.755760 0.071474 0.106357 0.007996 0.926298 0.875729 0.693442 0.405713 0.781701 0.587451 0.452712 
0.259072 0.384930 0.618061 0.849635 0.572497 0.019898 0.723624 0.292489 0.592334 0.034120 0.102390 
0.964141 0.936766 0.573504 0.815210 0.686575 0.626240 0.616199 0.308725 0.475661 0.045473 0.211646 
0.324015 0.940916 0.368480 0.330638 0.970702 0.187445 0.477523 0.233100 0.248604 0.376293 0.907559 
0.759850 0.798029 0.598987 0.847438 0.454146 0.159368 0.222846 0.728874 0.919950 0.324351 0.363323 
vetor pesos sinapticos final:
0.972269 0.434502 0.031475 0.296620 0.811040 0.404320 0.517116 0.094068 0.337423 0.023967 0.196366 
0.037182 0.778293 0.252063 0.776188 0.757693 0.481135 0.818059 0.252063 0.216722 0.219316 0.931527 
0.905952 0.336691 0.421318 0.219774 0.618102 0.690034 0.229784 0.175217 0.650146 0.775577 0.797215 
0.893745 0.554837 0.914162 0.723848 0.385306 0.368918 0.294758 0.044903 0.238360 0.745730 0.202134 
0.672394 0.918587 0.183213 0.957254 0.698457 0.483881 1.004191 0.602079 0.466364 0.996714 0.244403 
0.859686 0.815312 0.414757 0.105574 0.400901 0.405052 0.241412 0.128737 0.949014 0.527340 0.717439 
0.744509 0.253405 0.309346 0.834600 0.356955 0.463800 0.716524 0.953042 0.616515 0.936044 0.259997 
0.303425 0.038799 1.000682 0.815740 0.154953 0.625365 0.725863 0.460931 0.930703 0.642547 0.205614 
0.734530 0.051495 0.214922 0.404503 0.227556 0.789738 0.889472 0.090498 0.909981 0.913673 0.826360 
0.886939 0.099989 0.404716 0.773441 0.974497 0.482325 0.027599 0.479853 0.475489 0.081373 0.035747 
0.705476 0.050335 0.595884 0.792454 0.482111 0.738772 1.001139 0.589170 0.783237 0.575925 0.824804 
0.442864 0.257861 1.015514 1.003215 0.152420 0.185471 0.690522 0.723726 0.396751 0.307393 0.543423 
0.159531 0.154526 0.691834 0.856360 0.503749 0.227953 0.288166 0.213274 0.208055 0.150985 0.326986 
0.924904 0.833135 0.263751 0.222063 0.947671 0.416252 0.234118 0.130507 0.828283 0.763034 0.807744 
0.827459 0.704866 0.569150 0.068067 0.051251 0.895820 0.778324 0.987254 0.976023 0.107954 0.082899 
0.549130 0.966898 0.795201 0.973398 0.226183 0.275043 0.698518 0.242877 0.090742 0.828435 0.099134 
0.352896 0.342611 0.774234 0.815648 0.566922 0.533718 0.929818 0.476587 0.257525 0.271411 0.797886 
0.099775 0.293812 0.681428 0.302418 0.509303 0.914925 0.411949 0.901802 0.621764 0.996379 0.459863 
0.234576 0.133010 0.115126 0.600676 0.955423 0.636504 0.319783 0.702943 0.916084 0.704194 1.011882 
0.708925 0.348806 0.962137 0.845007 0.562466 0.207719 0.691041 0.047802 0.865393 0.324697 0.983744 
0.076825 0.543484 0.535946 0.990275 1.005778 0.303883 0.435509 0.282337 0.557339 0.164291 0.912178 
0.868201 0.184128 0.836065 0.125380 0.888831 0.104139 0.241686 0.077466 0.527401 0.697999 0.948861 
0.437218 0.162735 0.173569 0.801091 0.772129 0.298024 0.904640 0.527370 0.844702 0.296376 0.349142 
0.611571 0.129928 0.454126 0.954446 0.202409 0.209306 0.443475 0.954599 0.346304 0.198106 0.655182 
0.466730 0.323171 0.862402 0.473261 0.792454 0.367453 0.581449 1.012401 0.330434 0.554867 0.812230 
0.349386 1.006999 0.136459 0.212053 0.780247 0.629943 0.101393 0.075879 0.133651 0.072858 0.249163 
0.243884 0.672699 0.695771 0.553097 0.136459 0.615141 0.908089 0.095930 0.072156 0.804814 0.280567 
0.359152 0.525081 0.563962 0.112440 0.146835 0.478022 0.258990 0.859686 0.925637 0.527706 0.610167 
0.330831 0.861914 0.897987 0.276539 0.056988 0.337698 1.017528 0.747805 0.741427 0.226061 0.818456 
0.073865 0.195817 0.707674 0.411613 0.463648 0.669007 0.909553 0.295307 0.284107 0.974527 0.147384 
0.753299 0.491175 0.323232 0.052777 0.598539 0.023326 0.267352 0.366049 0.918953 0.189500 0.661987 
0.676819 0.981455 0.582151 0.050335 0.892768 0.950143 0.547238 0.379508 0.718324 0.575528 0.741946 
0.451898 0.924263 0.510554 0.811467 0.019847 0.689698 0.409813 0.716371 0.928719 0.797489 0.468225 
0.741519 0.215074 0.964395 0.555478 0.717745 0.566464 0.087354 0.602354 0.488001 0.048474 0.686951 
0.395317 0.148452 0.505733 0.329336 0.435448 0.096662 0.542996 0.308156 1.018291 0.417351 0.492579 
0.367117 0.190354 0.637359 0.274341 0.745272 0.739108 0.381156 0.554501 0.325277 0.872229 0.957803 
0.109480 0.167069 0.742678 0.410850 0.801182 0.206956 0.475641 0.062543 0.069684 0.404228 0.853705 
0.083143 0.350119 0.116408 0.316548 0.117049 0.319020 0.984141 0.431176 0.496852 0.377646 0.106856 
0.489375 0.076337 0.277454 0.791325 0.387962 0.214220 0.294544 0.652954 0.448968 0.939065 0.859289 
0.352530 0.335195 0.827489 0.046887 0.748538 0.717775 0.626311 0.836248 0.746890 0.851996 0.150100 
0.541805 0.629241 0.717653 0.485560 0.326040 0.140975 0.879889 0.033367 0.198198 0.120253 0.727144 
0.419701 0.405388 0.949197 0.242327 0.807652 0.622740 0.608824 0.963358 0.640685 0.848455 0.618590 
0.289295 0.348745 0.410362 0.641998 0.788944 0.048596 0.989970 0.039349 0.666779 0.769565 0.070233 
0.149307 0.044293 0.235674 0.713716 0.579801 0.211290 0.736239 0.076551 0.290363 0.504542 0.114882 
0.565640 0.746493 0.969522 0.409660 0.044140 0.927529 0.461450 0.174179 0.992320 0.469446 0.342581 
1.012035 0.029461 0.723574 0.430596 0.355154 0.703920 1.012431 0.355948 1.017864 0.956247 0.864386 
0.983286 0.557065 0.162888 0.507808 0.053601 0.970835 0.166245 0.406486 0.703645 0.765750 0.196916 
0.117018 1.017925 0.924904 0.095198 0.249926 0.270740 0.807439 0.737368 0.815526 1.013805 0.510860 
0.073438 0.735659 0.665466 0.727785 0.682496 0.802983 0.758578 0.627684 0.251727 0.868414 0.502559 
0.795689 0.885780 0.538570 0.816289 0.758914 0.652099 0.164200 0.487788 0.132186 0.269184 0.400901 
0.617339 0.914101 0.343496 0.123152 0.999858 0.964487 0.061414 0.973398 0.603026 0.195176 0.742709 
0.326955 0.797489 0.504634 0.161240 0.954294 0.495021 0.987986 0.040020 0.161667 0.851446 0.453729 
0.625792 0.691804 0.689912 0.778476 0.750186 0.165299 0.301503 0.130538 0.283680 0.344473 0.778751 
0.594267 0.387931 1.000590 0.538631 0.225603 0.473535 0.666016 0.191544 0.071027 0.268939 0.052380 
0.411858 0.180100 0.907081 0.415764 0.966928 0.143844 0.435632 0.650634 0.560422 0.189622 0.657562 
0.393608 0.646453 0.363699 0.707826 0.917885 0.870673 0.833288 0.272846 0.100294 0.294331 0.838751 
0.858618 0.241778 0.058240 0.327474 1.013957 0.022502 0.641937 0.800816 0.915108 0.373130 0.375052 
0.404808 0.218035 0.543148 0.357138 0.796818 0.584257 0.148086 0.441277 0.818120 0.786991 0.476191 
0.439111 0.505153 0.803563 0.836156 0.202318 0.469202 0.800450 0.227221 0.737673 0.177048 0.416924 
0.112685 1.011119 0.162827 0.254168 0.578336 0.597959 0.703096 0.975382 0.656616 0.834814 0.985697 
0.923500 0.098371 0.629760 0.304432 0.662933 0.372977 0.587034 0.310139 0.351248 0.178116 0.602263 
0.849493 0.347219 0.240740 0.584867 0.423272 0.961404 0.690339 0.463434 0.794987 0.755496 0.785404 
0.130813 0.780796 0.297077 0.275074 0.484675 0.752719 0.775211 0.176529 0.219988 0.885810 0.383994 
0.249713 0.530147 0.680695 0.879889 0.950601 0.371939 0.792881 0.218736 0.144149 0.451593 0.699708 
0.679871 0.358481 0.587797 0.236803 0.381949 0.860998 0.607634 0.534603 0.598204 0.338277 0.432336 
0.386649 0.776615 0.460657 0.508388 0.580839 0.671265 0.112807 0.240893 0.224565 0.491480 0.571591 
0.584959 0.595732 0.474634 0.412376 0.451532 0.549740 0.789158 0.425316 0.084058 1.015056 0.173813 
0.322347 0.061993 0.607268 0.219560 0.516750 0.087476 0.894172 0.700196 0.755923 0.211717 0.342001 
0.858130 0.889228 0.656647 0.474756 0.051495 0.551632 0.888923 0.277637 0.668946 0.044689 0.102003 
0.375968 0.717928 0.196092 0.762576 0.020488 0.993388 0.478907 0.377829 0.410942 0.232653 0.171707 
0.139510 0.388389 0.162979 0.841497 0.601530 0.028209 0.847814 0.929238 0.046398 0.164627 0.238085 
0.721193 0.698243 0.378104 0.335104 0.485438 0.436791 0.476893 0.870825 0.056042 0.170395 1.004069 
0.911781 0.645782 0.523098 0.801091 0.293537 0.168411 0.992289 0.159195 0.291157 0.852148 0.233721 
0.590269 0.432183 0.425225 0.629424 0.747592 0.858710 0.655334 0.795048 0.528682 0.144302 0.523189 
0.183213 0.890754 0.972544 0.812901 0.438439 0.410454 0.582639 0.398796 0.660553 0.118941 0.389396 
1.011638 0.232317 0.643646 0.683106 0.763644 0.368125 0.187730 0.815434 0.215349 0.039166 0.379081 
0.778354 0.264392 0.432183 0.519283 0.581724 0.637572 0.597532 0.264392 0.335836 0.268146 0.442895 
0.268756 0.445428 0.338918 0.729128 0.822698 0.821263 0.272480 0.224016 1.015788 0.515346 0.450128 
0.670838 0.456659 0.686677 0.940591 0.727297 0.080793 0.302723 1.019512 0.531673 0.077405 0.483973 
0.761508 0.052044 0.466608 0.897041 0.485560 0.874976 0.358389 0.102949 0.335165 0.589842 0.424492 
0.266773 0.774723 0.425255 0.614256 0.134780 0.282734 0.293690 0.645965 0.685364 0.024059 0.900337 
0.304829 0.360190 0.781559 0.072919 0.078870 0.281635 0.928841 0.968363 0.163956 0.362753 0.725435 
0.312550 0.369071 0.715975 0.715181 0.329793 0.953500 0.267169 0.509730 0.517787 0.926583 0.980784 
0.737734 0.924569 0.842046 0.602568 0.441583 0.083631 0.617186 0.326406 0.702424 0.263873 0.409080 
0.290821 0.775058 0.189469 0.078687 0.312032 0.513942 0.887519 0.273761 0.759708 0.371237 0.818364 
0.662506 0.981211 0.748538 0.945657 0.348715 0.181290 0.983408 0.901832 0.999858 0.162796 0.751651 
0.905983 0.719179 0.835241 0.167191 0.589292 0.193315 0.896797 0.360403 0.385703 0.146652 0.596952 
0.815892 0.642608 0.633208 0.984934 0.251605 0.108717 0.198045 0.550991 0.320272 0.955514 0.438928 
0.666596 0.914040 0.987376 0.999491 0.729342 0.354117 0.198259 0.525417 0.419609 0.246325 0.329702 
0.615019 0.974558 0.284077 0.587217 0.294605 0.885963 0.779575 0.171372 0.050946 0.928231 0.205034 
0.779239 0.951700 0.922615 0.524898 0.732851 0.884406 0.144119 0.600157 0.891181 0.446649 0.777256 
0.446282 1.001170 0.517269 0.326589 0.626036 0.644653 0.040630 0.389091 0.558041 0.437218 0.055249 
0.693666 0.022899 0.635314 0.497401 0.814702 0.647613 0.807652 0.811711 0.465570 0.649810 0.727541 
0.899574 0.778690 0.623137 0.141921 0.436486 0.477839 0.644683 0.573911 0.090162 0.349539 0.486109 
0.814397 0.669953 0.919594 0.209520 0.259723 0.739138 0.740481 0.929177 0.751223 0.721743 0.196916 
0.020641 0.072614 0.034374 0.235003 0.558530 0.762515 0.274829 0.921181 0.263690 0.396934 0.998606 
0.237963 0.741824 0.999339 0.114363 0.022045 0.293934 0.733401 0.430352 0.451165 0.080671 0.535702 
0.381583 0.986124 0.921273 0.843633 0.470697 0.174149 0.508388 0.075635 0.452600 0.219927 0.320516 
1.019573 0.794499 0.730135 1.012614 0.785252 0.442559 0.538387 0.566525 0.478113 0.426751 1.016521 
0.982828 0.249591 0.334310 0.778019 0.794285 0.880683 0.184159 0.180894 0.183335 0.554989 0.732485 
0.535213 0.984171 0.977610 0.741488 0.421868 0.350668 0.495722 0.242236 0.029491 0.372000 0.377707 
0.322835 0.914558 0.416252 0.906380 0.473322 0.091902 0.484278 0.442986 1.018260 0.861639 0.354178 
0.118575 0.668823 0.278187 0.798313 0.307942 0.724947 0.668976 0.653747 0.543392 0.959268 0.107130 
0.027355 0.024181 0.713838 0.246508 0.417168 0.377890 0.241290 0.423729 0.030773 0.829992 0.820928 
0.434045 0.082319 0.437646 0.681794 0.887641 0.349264 0.544766 0.263599 0.551877 0.770206 0.113387 
0.846655 0.586332 0.364859 0.088697 0.082197 0.076673 0.257709 0.453302 0.454675 0.773441 0.086225 
0.127181 0.206346 0.442346 0.575345 0.369895 0.756625 0.731997 0.558835 0.840429 0.146316 0.965646 
0.229723 0.972116 0.538937 0.762729 0.899971 0.817815 0.309499 0.897102 0.051403 0.022289 0.752780 
0.297383 0.958993 0.077680 0.941781 0.596678 0.667389 0.518367 0.767856 0.136886 0.602476 0.211687 
0.693910 0.834722 0.598814 0.400627 0.251361 0.814885 0.624388 0.654419 0.813023 0.217516 0.983774 
0.383994 0.671967 0.085584 0.281177 0.077833 0.958963 0.738314 0.924660 0.914955 0.428490 0.537533 
0.452050 0.910896 0.645629 0.452844 0.461114 0.253467 0.604094 0.331563 0.423943 0.983988 0.307545 
0.280353 0.167557 0.680359 0.344961 0.064191 0.301869 0.298603 0.991160 0.929268 0.375876 0.828863 
0.864325 0.755893 0.043957 0.921761 0.671173 0.947885 0.022960 0.142074 0.071302 0.964334 0.121627 
1.005534 0.192124 0.900337 0.123549 0.454767 0.824987 0.022716 0.804844 0.931588 0.834722 0.667236 
0.867804 0.700471 0.812962 0.403099 0.072003 0.580839 0.507136 0.871558 0.343832 0.743472 0.055676 
0.204484 0.145523 0.727755 0.561612 0.429314 0.885688 0.335867 0.034985 0.766422 0.651580 0.560086 
0.235766 0.225451 0.045544 0.199662 0.448297 0.406883 0.405479 0.323323 0.718935 0.914497 0.191850 
0.233721 0.587309 0.285877 0.821813 0.090162 0.843633 0.846441 0.731661 0.845800 0.342001 0.393638 
0.949472 0.655243 0.402061 0.117507 0.958322 0.409569 0.829564 0.663818 0.131972 0.554318 0.087354 
0.745913 0.524227 0.846777 0.648193 0.211809 0.292591 0.209215 0.060040 0.972605 0.538509 0.334035 
0.756137 0.698182 0.844427 0.197038 0.139571 0.687165 0.289539 0.135116 0.975504 0.816655 0.225481 
0.644866 0.620452 0.978464 0.592710 0.557828 0.121199 0.907722 0.059155 0.749209 0.713930 0.810521 
0.762973 0.035992 0.754916 0.696595 0.939095 0.420586 0.614256 0.823247 0.212663 0.336660 0.563779 
0.156784 0.839330 0.053021 0.190110 0.258197 0.674012 0.892036 0.364584 0.498255 0.149673 0.418602 
0.301014 1.009502 0.046856 0.256427 0.732516 0.280567 0.335744 0.687012 0.738802 0.799443 0.871375 
0.688477 0.255053 0.651489 0.224047 0.569974 0.793858 0.479334 0.425469 0.858038 0.410912 0.709871 
0.912270 0.591001 0.446679 0.455316 0.447808 0.678193 0.073987 0.994334 0.304280 0.479609 0.184251 
0.239184 0.485194 0.262439 0.642242 0.096174 0.270496 0.691163 0.441461 0.124007 0.865302 1.006633 
0.791477 0.398002 0.432915 0.051190 0.667420 0.985087 0.294392 0.795841 0.854437 0.936745 0.575132 
0.525051 1.016948 0.205552 0.079908 0.336691 0.824681 0.391990 0.677826 0.112288 0.666901 0.727358 
0.978159 0.614256 0.985331 0.199418 0.578580 0.866461 0.757754 0.226915 0.666901 0.474024 0.163162 
0.788944 0.257312 0.039257 0.959848 0.415917 0.843115 0.329030 0.607451 0.947976 0.746249 0.350515 
0.664764 0.467096 0.945596 0.991801 0.493769 0.309712 0.665070 0.382346 0.801884 0.565061 0.502589 
0.631408 0.053082 0.966623 0.381309 0.098799 0.279682 0.582029 0.104506 0.855658 0.325551 0.208360 
0.795201 0.490534 0.052197 0.878577 1.001567 0.917854 0.539364 0.385398 0.749972 0.344106 0.810368 
0.229509 0.326314 0.048931 0.114790 0.897163 0.067059 0.136672 0.298481 0.874640 0.941567 0.914742 
0.293049 0.305134 0.206224 0.055523 0.255572 0.694428 0.912788 0.197587 0.390128 0.571530 0.550656 
0.142471 0.981913 0.510921 0.605894 0.303700 0.675782 0.422203 0.317067 0.563596 0.530178 0.513515 
0.409843 0.194993 0.877417 0.835180 0.091078 1.003489 0.522151 0.809605 0.084363 0.346304 0.308919 
0.653747 0.987254 0.185044 0.589964 0.100477 0.732577 0.827276 0.624755 0.324941 0.434106 0.513973 
0.442468 0.482203 0.398552 0.509334 0.198594 0.762668 0.584501 0.848120 0.556821 0.371085 0.290150 
0.397941 0.127547 0.335928 0.350668 0.392143 0.494624 0.554776 0.626555 0.089460 0.860754 0.982432 
0.064404 0.717165 0.843603 0.367911 0.110976 0.353262 0.453485 0.446435 0.762210 0.905037 0.783848 
0.992838 0.028209 0.838689 0.445977 0.642364 0.095442 0.818028 0.279224 0.885535 0.967508 0.907051 
0.367453 0.142898 0.865576 0.493373 0.893897 0.326253 0.169968 0.588834 0.864783 0.792393 0.184037 
0.662811 0.233568 0.095472 0.501399 0.665558 0.456628 0.445031 0.257861 0.396904 1.012065 0.274494 
0.049847 0.876960 0.912300 0.828191 0.799443 0.874945 0.742556 0.171311 0.348379 0.252795 0.255511 
0.530666 0.061780 0.279102 0.054120 0.371360 0.222612 0.570157 0.393516 0.116072 0.498774 0.814244 
0.633147 0.913429 0.263416 0.935250 0.370810 0.360983 0.050244 0.852240 0.789494 0.590177 0.924630 
0.490595 0.248156 0.618193 0.052105 0.201738 0.648254 0.374198 0.245532 0.246997 0.606474 0.305195 
0.771640 0.502467 0.965921 0.968637 0.198838 0.040539 0.675721 0.517269 0.567410 0.744906 0.571836 
0.483027 0.662964 0.614745 0.088789 0.765842 0.674714 0.914772 0.434746 0.233996 0.019908 0.827367 
0.260455 0.841772 0.615508 0.762515 0.353933 0.671173 0.377982 0.982676 0.391288 0.803624 0.233629 
0.697938 0.275867 0.427880 0.419182 0.288380 0.096418 0.090864 0.355063 0.809605 0.235491 0.496943 
0.872107 0.437646 0.659698 0.762393 0.072919 1.009563 0.922676 0.531429 0.609495 0.316121 0.912392 
0.859503 0.657745 0.302632 0.873572 0.270526 0.370932 0.834051 0.737124 0.894325 0.092542 0.181107 
0.287037 0.090193 0.110426 0.883185 0.196855 0.463159 0.233050 0.144271 0.466150 0.679078 0.969248 
0.418877 0.288807 0.984690 0.592802 0.342886 0.884406 0.839178 0.873236 0.667145 0.323232 0.563199 
0.753360 0.348684 0.877295 0.411705 0.755893 0.456659 0.927407 0.976999 0.399406 0.048993 0.958658 
0.327871 0.405693 0.675782 0.674561 0.791599 0.978983 0.666199 0.762057 0.784550 0.938943 0.854590 
0.337728 0.597990 0.988505 0.902351 0.607237 0.545162 0.897316 0.871894 0.768711 0.375998 0.883063 
0.208574 0.691529 0.365530 0.970590 0.787327 0.401878 0.982554 0.611510 0.179703 0.906166 0.544461 
0.344229 0.798313 0.383262 0.764865 0.776645 0.073835 0.277759 0.599699 0.672119 0.322133 0.324239 
0.298787 0.420342 0.456689 0.034801 0.068555 0.674195 0.203019 0.680634 0.252215 0.433739 0.971384 
0.298909 0.433953 0.359030 0.043957 0.756503 0.373099 0.592344 0.232714 0.401268 0.174790 0.871619 
0.664063 0.332998 0.602934 0.216173 0.846929 0.824102 0.942178 0.965921 0.680237 0.922493 0.314961 
0.455102 0.556027 0.767001 0.859869 0.102522 0.214494 0.647216 0.677491 0.198686 0.507472 0.338430 
0.950235 0.171463 0.725954 0.743411 0.142104 0.611693 0.648681 0.372000 0.684968 0.839666 0.967600 
0.690003 0.057049 0.293904 0.246417 0.868079 0.660889 0.523616 0.068677 0.962717 0.405479 0.065564 
0.531582 0.059857 0.400718 0.987284 0.741580 0.412773 0.668610 0.377341 0.468469 0.105177 0.278858 
0.564389 0.613707 0.271076 0.814214 0.345571 0.649475 0.402580 0.572232 1.006419 0.684785 0.776798 
0.409721 0.412437 0.314595 0.532955 0.635924 0.954934 0.908729 0.431512 0.860663 0.630980 0.495936 
0.825780 0.204057 0.039593 0.900673 0.878028 0.773716 0.575437 0.287220 0.550625 0.815648 0.600554 
0.769077 0.404228 0.445306 0.876319 0.238329 0.733492 0.365195 0.036144 0.072675 0.072126 0.474604 
0.380546 0.874976 0.598356 0.778660 0.775699 0.902656 0.471735 0.501979 0.936684 0.342916 0.633361 
0.814092 0.876960 0.089460 0.099745 0.072126 0.804905 0.177842 0.282368 0.987528 0.248919 0.535000 
0.363760 0.622588 0.692414 0.199662 0.261432 0.623656 0.499476 0.669647 0.211046 0.596708 0.413384 
0.532192 0.499995 0.031719 0.407982 0.034161 0.382407 0.682252 0.174302 0.747531 0.707429 0.806248 
0.022960 0.986948 0.291126 0.174454 0.483942 0.135696 0.564420 0.252765 0.384757 0.535824 0.526943 
0.464410 0.688599 0.099134 0.539425 0.938699 0.873206 0.295216 0.984812 0.652252 0.132278 0.672333 
0.329946 0.369010 0.180222 0.568173 0.618926 0.285541 0.941842 0.166092 0.929116 0.787235 0.907631 
0.553311 0.821599 0.222551 0.437035 0.937417 0.316853 0.100874 0.789585 0.677033 0.427147 0.620452 
0.165939 0.283680 0.776645 0.932595 0.540341 0.050244 0.340841 0.048657 0.564786 0.462549 0.836523 
0.795689 0.327047 0.050732 0.792790 0.727114 0.243334 0.836156 0.835729 0.394950 0.867102 0.030010 
0.216692 0.889503 0.894935 0.140792 0.116164 0.052624 0.151077 0.145339 0.754123 0.271625 0.831731 
0.881476 0.838598 0.258929 0.790257 0.316823 0.383018 0.724703 0.144760 0.851416 0.424187 0.348013 
0.989268 0.309346 0.671845 0.953470 0.489253 0.776523 0.620940 0.298634 0.143783 0.939828 0.158401 
0.379630 0.494532 0.085004 0.194963 0.660004 0.063275 0.408867 0.353781 0.130111 0.799443 0.801945 
0.246997 0.602568 0.818456 0.758273 0.371268 0.150314 0.712312 0.568601 0.153824 0.093702 0.214006 
0.452600 0.180161 0.442407 0.496241 0.787235 0.134536 0.198686 0.886451 0.086561 0.484797 0.428551 
0.279102 0.890418 0.442162 0.506251 0.026409 0.216814 0.228350 0.439294 0.588895 0.735720 0.179856 
0.679505 0.726748 0.319142 0.721895 0.326772 0.513759 0.125075 0.742434 0.131637 0.954690 0.870398 
0.398063 0.202958 0.487147 0.449548 0.882728 0.826848 0.149917 0.555539 0.190263 0.303120 0.698060 
0.458581 0.402977 0.205888 0.447015 0.599730 0.536282 0.973856 0.126082 0.154739 0.471399 0.237078 
0.523189 0.225298 1.007396 0.786503 0.201677 0.813176 0.563290 0.591917 0.070874 0.233843 0.562161 
0.775486 0.091200 0.126082 0.027721 0.946023 0.895454 0.713167 0.425438 0.801426 0.607176 0.472437 
0.278797 0.404655 0.637786 0.869361 0.592222 0.039623 0.743350 0.312215 0.612059 0.053845 0.122115 
0.983866 0.956491 0.593229 0.834936 0.706300 0.645965 0.635924 0.328451 0.495387 0.065198 0.231371 
0.343740 0.960641 0.388206 0.350363 0.990427 0.207170 0.497248 0.252826 0.268329 0.396018 0.927285 
0.779575 0.817754 0.618712 0.867163 0.473871 0.179093 0.242571 0.748599 0.939675 0.344076 0.383048 
@@@@@@@@@@@@@@@@

qtd epocas = 233


vetor com as saidas desejadas:
0.061100 0.286000 0.746400 0.483100 
0.510200 0.746400 0.086000 0.596500 
0.000400 0.691600 0.500600 0.531800 
0.943000 0.447600 0.264800 0.684300 
0.139900 0.161000 0.247700 0.287200 
0.642300 0.322900 0.856700 0.766300 
0.649200 0.000700 0.642200 0.566600 
0.181800 0.507800 0.904600 0.660100 
0.738200 0.264700 0.191600 0.542700 
0.387900 0.130700 0.865600 0.583600 
0.190300 0.652300 0.782000 0.695000 
0.840100 0.449000 0.271900 0.679000 
0.002900 0.326400 0.247600 0.295600 
0.708800 0.934200 0.276300 0.774200 
0.128300 0.188200 0.725300 0.466200 
0.888200 0.307700 0.893100 0.809300 
0.222500 0.918200 0.782000 0.758100 
0.195700 0.842300 0.308500 0.582600 
0.999100 0.591400 0.393300 0.793800 
y = 0.507168
y = 0.514342
y = 0.521517
y = 0.528692
y = 0.535863
y = 0.543027
y = 0.550181
y = 0.557323
y = 0.564448
y = 0.571556
y = 0.578641
y = 0.585702
y = 0.592736
y = 0.599740
y = 0.606711
y = 0.613647
y = 0.620544
y = 0.627401
y = 0.634214
y = 0.640981
