vetor pesos sinapticos original:
0.953825 0.678976 0.098972 0.823511 0.883419 0.942442 0.732200 0.913022 0.868313 0.565142 0.117954 
0.034913 0.541673 0.796747 0.560717 0.616504 0.100833 0.108127 0.958647 0.529893 0.728446 0.053499 
0.843013 0.099857 0.195013 0.587390 0.052065 0.206671 0.174566 0.242836 0.821009 0.141362 0.304300 
0.077486 0.569140 0.368999 0.519700 0.793329 0.165838 0.856349 0.696188 0.936338 0.955809 0.120426 
0.128758 0.582904 0.325724 0.654042 0.880856 0.418348 0.093112 0.884152 0.533280 0.614612 0.498520 
0.319987 0.365246 0.412885 0.082583 0.047090 0.497818 0.817499 0.229286 0.222755 0.031892 0.307535 
0.656117 0.730003 0.711386 0.972198 0.633106 0.646077 0.142918 0.976226 0.211310 0.681448 0.103793 
0.761803 0.242592 0.245857 0.968749 0.892697 0.471541 0.297647 0.787194 0.947691 0.480728 0.632313 
0.042177 0.368664 0.771172 0.766991 0.622272 0.670278 0.758293 0.076785 0.037263 0.917173 0.965667 
0.339396 0.409864 0.874813 0.196722 0.344035 0.273263 0.740745 0.966796 0.721122 0.707297 0.861995 
0.975646 0.649037 0.843318 0.344920 0.902676 0.593951 0.269662 0.964110 0.305490 0.739158 0.368633 
0.276223 0.903165 0.260048 0.116459 0.345378 0.025422 0.101169 0.377300 0.985717 0.509690 0.411298 
0.222816 0.928159 0.825709 0.293191 0.308115 0.817072 0.710715 0.023865 0.835932 0.443342 0.095309 
0.401868 0.139561 0.119938 0.601642 0.377789 0.416547 0.606464 0.394971 0.624226 0.643727 0.488388 
0.670217 0.201422 0.205298 0.418226 0.554430 0.974853 0.265114 0.123783 0.706442 0.941069 0.414136 
0.590503 0.395245 0.117862 0.624744 0.323557 0.337870 0.155400 0.042726 0.096866 0.078524 0.323954 
0.648793 0.094058 0.189795 0.035096 0.319864 0.848659 0.077486 0.552385 0.322703 0.889157 0.670278 
0.047334 0.769890 0.495529 0.775140 0.658040 0.070101 0.473281 0.380383 0.705283 0.904050 0.351329 
0.686880 0.723563 0.756523 0.909909 0.149327 0.462630 0.536912 0.444899 0.308298 0.516129 0.318430 
0.674703 0.694693 0.733207 0.727927 0.695822 0.587695 0.069735 0.017212 0.893826 0.907468 0.035401 
0.347545 0.215186 0.023774 0.392193 0.317881 0.707236 0.762200 0.261818 0.268868 0.731437 0.388348 
0.296976 0.393170 0.757012 0.852351 0.073702 0.183966 0.140996 0.073946 0.360454 0.252327 0.800562 
0.550188 0.420484 0.045228 0.184332 0.066439 0.003754 0.495041 0.448897 0.792169 0.184362 0.131870 
0.246437 0.542802 0.700064 0.690390 0.030000 0.488876 0.949828 0.741356 0.282754 0.093661 0.306223 
0.380657 0.577044 0.560442 0.898099 0.505600 0.870022 0.571001 0.520280 0.710440 0.941649 0.596393 
0.826777 0.332591 0.381817 0.560869 0.463057 0.680258 0.032197 0.141057 0.294321 0.972808 0.289682 
0.480850 0.385510 0.025666 0.177190 0.603656 0.889645 0.210364 0.588610 0.303018 0.500534 0.721183 
0.613392 0.793359 0.626423 0.679769 0.347942 0.901303 0.940184 0.109012 0.099155 0.079562 0.462996 
0.307047 0.387158 0.024293 0.837519 0.653157 0.652791 0.177038 0.946562 0.376324 0.076632 0.892911 
0.533799 0.318155 0.415662 0.555956 0.982849 0.221107 0.263466 0.422956 0.910428 0.573138 0.640736 
0.477157 0.730674 0.540757 0.322153 0.072878 0.845973 0.020600 0.805597 0.652394 0.621418 0.341899 
0.330454 0.316385 0.798273 0.650380 0.850887 0.529252 0.503586 0.504868 0.370220 0.740104 0.511368 
0.718528 0.543504 0.201483 0.912320 0.974975 0.953093 0.766198 0.847652 0.251289 0.964995 0.944151 
0.463942 0.578997 0.571184 0.000061 0.744774 0.173925 0.124638 0.373638 0.375500 0.466689 0.373119 
0.203009 0.297708 0.064669 0.698050 0.233070 0.109226 0.177007 0.964660 0.889920 0.965972 0.533616 
0.890042 0.802240 0.142186 0.329600 0.334422 0.551744 0.905240 0.226539 0.423261 0.932798 0.860714 
0.941282 0.904874 0.503403 0.424848 0.454054 0.651296 0.708457 0.579974 0.367199 0.707785 0.356273 
0.569506 0.445173 0.797052 0.730216 0.688528 0.867611 0.685354 0.115940 0.826472 0.226539 0.315836 
0.026399 0.917814 0.798975 0.115818 0.904813 0.957457 0.126102 0.383984 0.587878 0.736656 0.430494 
0.164220 0.309671 0.955840 0.902188 0.511765 0.528123 0.870876 0.385449 0.558275 0.354564 0.128544 
0.497177 0.281930 0.868526 0.947813 0.707785 0.388989 0.098209 0.303110 0.416730 0.212836 0.948485 
0.265786 0.553209 0.036683 0.856929 0.159825 0.733451 0.746849 0.460433 0.688650 0.505905 0.221625 
0.051973 0.688559 0.715842 0.363536 0.110233 0.665426 0.519791 0.179724 0.682455 0.770959 0.082247 
0.817988 0.902188 0.374615 0.484848 0.963561 0.422895 0.887417 0.879818 0.504044 0.049104 0.993988 
0.418744 0.867885 0.345836 0.949126 0.988220 0.942747 0.507736 0.094913 0.283029 0.980621 0.269601 
0.255043 0.248787 0.395306 0.138646 0.162053 0.424696 0.858577 0.730857 0.574114 0.218207 0.601733 
0.491562 0.237709 0.642445 0.328166 0.582354 0.352000 0.547655 0.643880 0.215339 0.691519 0.878231 
0.411298 0.215522 0.043306 0.986419 0.933805 0.093326 0.114872 0.533586 0.376019 0.408094 0.568712 
0.011017 0.327036 0.703482 0.340556 0.410993 0.912412 0.796899 0.896725 0.079165 0.360942 0.703330 
0.587176 0.280404 0.433332 0.975341 0.750847 0.508377 0.617847 0.740349 0.728751 0.070589 0.500229 
0.216224 0.441755 0.980193 0.213446 0.987030 0.689169 0.685507 0.373852 0.819300 0.824091 0.668874 
0.409986 0.301004 0.961913 0.445723 0.690085 0.083895 0.378582 0.995422 0.354686 0.010346 0.254280 
0.154851 0.260720 0.906766 0.419172 0.006409 0.942900 0.323557 0.257241 0.791009 0.999207 0.004425 
0.424879 0.378002 0.806360 0.364727 0.539750 0.823054 0.971496 0.761193 0.496994 0.044740 0.426618 
0.833888 0.568316 0.152135 0.571764 0.701529 0.940916 0.453505 0.373241 0.291849 0.851650 0.678121 
0.823267 0.587756 0.973449 0.442366 0.667043 0.070711 0.209937 0.490860 0.803949 0.142918 0.554521 
0.744591 0.268410 0.808832 0.169774 0.686697 0.197455 0.398175 0.344493 0.117466 0.690634 0.610858 
0.483322 0.809839 0.968841 0.665609 0.786096 0.096255 0.738121 0.833186 0.772973 0.918851 0.165105 
0.135807 0.311319 0.373119 0.369640 0.493820 0.300913 0.277841 0.841456 0.100620 0.673635 0.800867 
0.686789 0.307779 0.863704 0.673177 0.111576 0.800745 0.404981 0.022034 0.046999 0.347087 0.811609 
0.354595 0.323862 0.898282 0.397748 0.722831 0.302103 0.325968 0.193335 0.601825 0.361766 0.574602 
0.611774 0.511826 0.161351 0.511032 0.025513 0.915860 0.069979 0.252876 0.906552 0.423994 0.679891 
0.256417 0.687155 0.835444 0.804956 0.945738 0.998016 0.049715 0.872005 0.163915 0.439192 0.378430 
0.110752 0.227912 0.540757 0.288430 0.449232 0.868191 0.069094 0.108188 0.519913 0.834071 0.335032 
0.727836 0.683950 0.446852 0.660390 0.825098 0.479049 0.881100 0.658742 0.647511 0.397382 0.455733 
0.487075 0.882778 0.399854 0.716178 0.724387 0.648000 0.073000 0.588885 0.033265 0.129612 0.834681 
0.389172 0.261299 0.904752 0.094790 0.963927 0.137730 0.475295 0.777459 0.750359 0.222541 0.046815 
0.110538 0.031953 0.263344 0.081912 0.089389 0.173040 0.616993 0.661031 0.520157 0.112980 0.891659 
0.180578 0.049837 0.901425 0.466201 0.420637 0.088778 0.555864 0.042390 0.512772 0.031953 0.022828 
0.886776 0.839503 0.685324 0.523576 0.918119 0.396771 0.303598 0.065889 0.297006 0.650655 0.145512 
0.403333 0.673544 0.419050 0.953032 0.222724 0.749290 0.810541 0.260384 0.841731 0.310282 0.750664 
0.939756 0.196966 0.386792 0.127689 0.889340 0.404920 0.696280 0.088595 0.270241 0.676107 0.025758 
0.516800 0.198584 0.863857 0.710227 0.222419 0.298776 0.429395 0.862423 0.877468 0.024445 0.104160 
0.511338 0.225379 0.153172 0.030396 0.304941 0.598193 0.361461 0.661733 0.933714 0.270913 0.285623 
0.204657 0.930754 0.685385 0.975860 0.882443 0.005829 0.074221 0.148412 0.802301 0.568224 0.516953 
0.143651 0.707602 0.595386 0.958434 0.994720 0.395795 0.503891 0.221625 0.514176 0.083956 0.178289 
0.546068 0.804407 0.502548 0.814478 0.682516 0.098056 0.999023 0.733757 0.075655 0.334819 0.432539 
0.823908 0.166173 0.380779 0.140934 0.763421 0.342875 0.296579 0.761071 0.685263 0.576586 0.560778 
0.183966 0.436110 0.267037 0.654317 0.426252 0.087924 0.333781 0.912778 0.698416 0.857326 0.082553 
0.052370 0.451888 0.089602 0.878140 0.276070 0.685842 0.463637 0.155309 0.365856 0.294931 0.073275 
0.798944 0.667898 0.739311 0.542436 0.424116 0.376141 0.818262 0.829279 0.588458 0.021455 0.828394 
0.876278 0.466903 0.571764 0.888211 0.762261 0.020844 0.049593 0.709464 0.512528 0.192480 0.074160 
0.597430 0.223395 0.156041 0.232673 0.960784 0.657826 0.156652 0.688589 0.112369 0.967284 0.968596 
0.932127 0.642628 0.697653 0.503708 0.079684 0.145970 0.733909 0.601672 0.628590 0.582507 0.340861 
0.532914 0.072481 0.055330 0.955840 0.245918 0.285287 0.285348 0.889248 0.889798 0.077975 0.564440 
0.590136 0.643422 0.836299 0.468551 0.631916 0.382611 0.644063 0.111667 0.075442 0.216407 0.799707 
0.222175 0.365032 0.423750 0.131138 0.822626 0.414045 0.821558 0.016053 0.794214 0.036195 0.096133 
0.513230 0.107578 0.378796 0.128391 0.511643 0.000519 0.514115 0.844630 0.303354 0.884396 0.845271 
0.623676 0.486526 0.260201 0.482894 0.792444 0.604572 0.425916 0.248604 0.239937 0.428083 0.255654 
0.461837 0.682485 0.285623 0.832820 0.165838 0.609668 0.349284 0.217658 0.949858 0.443922 0.281899 
0.131108 0.022675 0.943937 0.151769 0.835719 0.694967 0.383404 0.020997 0.995056 0.925596 0.536576 
0.114292 0.793054 0.088870 0.001556 0.973693 0.094363 0.618885 0.892941 0.506027 0.926817 0.686544 
0.434462 0.329478 0.067385 0.566729 0.483810 0.324717 0.013245 0.850612 0.519883 0.797693 0.118381 
0.160131 0.124363 0.160009 0.177862 0.520951 0.488784 0.532975 0.240333 0.049104 0.978027 0.181799 
0.930570 0.109348 0.281808 0.186224 0.062593 0.599567 0.185369 0.253487 0.825770 0.518876 0.490493 
0.080355 0.323496 0.475265 0.118107 0.170141 0.747642 0.288461 0.923887 0.511032 0.968078 0.345164 
0.257851 0.021973 0.820215 0.862423 0.799738 0.172491 0.870602 0.715171 0.700247 0.682455 0.942534 
0.984985 0.561083 0.708304 0.182440 0.885220 0.283517 0.421674 0.948851 0.219855 0.317606 0.387127 
0.304514 0.031404 0.342845 0.644642 0.393689 0.594775 0.911985 0.903653 0.485061 0.412946 0.088809 
0.754509 0.962188 0.370922 0.611347 0.304056 0.042268 0.704184 0.611652 0.140843 0.504990 0.937651 
0.423627 0.037141 0.211921 0.451704 0.509934 0.293069 0.698630 0.831690 0.039064 0.129917 0.620045 
0.656270 0.144597 0.038453 0.330607 0.882076 0.396588 0.488418 0.380596 0.479934 0.517838 0.905698 
0.209510 0.479415 0.875088 0.323405 0.818110 0.077975 0.776971 0.612964 0.700217 0.970519 0.109928 
0.701407 0.815363 0.556108 0.343303 0.681387 0.883999 0.177831 0.434492 0.220099 0.785943 0.052248 
0.666189 0.173132 0.343760 0.044160 0.946287 0.809565 0.272073 0.943815 0.601825 0.554888 0.574175 
0.401959 0.198584 0.657582 0.167089 0.179571 0.417096 0.685934 0.016694 0.868068 0.516739 0.260811 
0.563280 0.736747 0.418683 0.931608 0.719993 0.863124 0.939604 0.600330 0.224342 0.202979 0.206702 
0.401471 0.624805 0.756096 0.785913 0.442518 0.683187 0.483566 0.553911 0.312662 0.474349 0.133915 
0.845790 0.764824 0.964537 0.633198 0.909330 0.478133 0.349254 0.195929 0.196966 0.306497 0.932554 
0.813196 0.527299 0.919919 0.827967 0.273415 0.646443 0.244453 0.263619 0.373394 0.221442 0.607471 
0.771661 0.474166 0.796594 0.994018 0.043825 0.059389 0.743461 0.320872 0.734519 0.451918 0.736869 
0.134617 0.991821 0.344401 0.787011 0.639241 0.998932 0.301065 0.359935 0.460738 0.306162 0.886288 
0.616718 0.053804 0.235511 0.576067 0.303323 0.157598 0.138371 0.109592 0.322031 0.206427 0.788446 
0.435896 0.515671 0.101901 0.690268 0.912778 0.696158 0.252663 0.585406 0.913816 0.448195 0.287698 
0.936766 0.499954 0.739891 0.350169 0.672933 0.311625 0.871059 0.377117 0.973510 0.338084 0.790643 
0.272042 0.376476 0.719474 0.314768 0.376171 0.989532 0.238990 0.276223 0.144871 0.085543 0.660146 
0.136753 0.435469 0.864864 0.566362 0.093814 0.312296 0.663961 0.858699 0.212470 0.776147 0.393323 
0.567858 0.613910 0.323099 0.484848 0.137059 0.252052 0.740471 0.130039 0.831965 0.309091 0.044527 
0.090915 0.433424 0.741630 0.967772 0.864132 0.870235 0.008118 0.900632 0.479690 0.946928 0.509690 
0.695090 0.716330 0.824183 0.774651 0.235450 0.013398 0.406964 0.918638 0.183111 0.861812 0.297342 
0.411267 0.801416 0.954436 0.468001 0.680960 0.266793 0.877651 0.312449 0.588366 0.372509 0.625233 
0.228889 0.300851 0.031251 0.715567 0.393139 0.598041 0.482681 0.193701 0.877499 0.140568 0.612476 
0.299570 0.771355 0.732994 0.288919 0.083163 0.460189 0.111759 0.123142 0.748650 0.719016 0.290414 
0.559771 0.007660 0.776391 0.991943 0.703482 0.224311 0.005402 0.200934 0.788507 0.631947 0.398114 
0.365795 0.696799 0.403455 0.478957 0.282571 0.431318 0.856777 0.814478 0.191778 0.950591 0.575793 
0.774377 0.119480 0.270791 0.729026 0.701254 0.993408 0.242012 0.366588 0.144566 0.566027 0.904111 
0.976897 0.315409 0.675527 0.829035 0.084414 0.417920 0.875607 0.356120 0.169897 0.014557 0.966002 
0.125736 0.693716 0.080050 0.454512 0.818079 0.504288 0.901639 0.481918 0.503555 0.412397 0.480941 
0.241005 0.510453 0.212897 0.594287 0.421094 0.216712 0.934660 0.167089 0.709067 0.671499 0.600604 
0.119449 0.878414 0.453291 0.278481 0.338328 0.497299 0.670461 0.704215 0.933012 0.787225 0.510727 
0.258400 0.430036 0.662954 0.245766 0.577868 0.063997 0.485824 0.096835 0.583117 0.820063 0.560717 
0.868496 0.202979 0.384594 0.908841 0.755486 0.578082 0.660787 0.346721 0.230445 0.023560 0.004212 
0.403577 0.417310 0.533311 0.836177 0.107334 0.857662 0.106204 0.789392 0.171484 0.075625 0.675954 
0.043794 0.613208 0.848384 0.925504 0.007904 0.334574 0.587176 0.767846 0.001831 0.698019 0.736717 
0.773797 0.098849 0.626759 0.597827 0.328349 0.781182 0.262459 0.480575 0.796838 0.566668 0.710288 
0.593432 0.481979 0.262307 0.903256 0.575182 0.653493 0.000946 0.117130 0.075594 0.430891 0.717521 
0.166845 0.291238 0.801233 0.220893 0.815577 0.862484 0.552751 0.517838 0.428449 0.038240 0.406018 
0.544877 0.401288 0.514512 0.123234 0.965056 0.395978 0.852809 0.877682 0.184912 0.913968 0.885220 
0.663778 0.248787 0.238746 0.011780 0.029878 0.766228 0.278726 0.796991 0.914182 0.528550 0.341685 
0.770867 0.865535 0.971770 0.372417 0.841914 0.430311 0.140660 0.684011 0.227424 0.986602 0.311808 
0.715079 0.307474 0.806696 0.930448 0.843196 0.309244 0.629597 0.018372 0.786401 0.227424 0.524247 
0.709006 0.623890 0.887478 0.325480 0.064882 0.967009 0.557421 0.422895 0.835597 0.311838 0.014985 
0.185003 0.310556 0.104892 0.475936 0.799188 0.924375 0.552782 0.289865 0.808771 0.770013 0.707083 
0.810083 0.128971 0.676565 0.856319 0.343364 0.822382 0.007782 0.755516 0.586169 0.415235 0.837489 
0.724876 0.453383 0.036592 0.657979 0.148961 0.705771 0.160375 0.278451 0.407575 0.282723 0.232582 
0.068545 0.769219 0.746269 0.964293 0.204077 0.279122 0.742393 0.571978 0.071017 0.172399 0.886746 
0.746635 0.483993 0.843806 0.979797 0.632038 0.875057 0.905576 0.958800 0.594775 0.110019 0.364238 
0.492050 0.065828 0.087680 0.448012 0.622181 0.236305 0.778375 0.115482 0.364330 0.887448 0.858333 
0.777673 0.665792 0.136814 0.596271 0.263710 0.633106 0.381970 0.147801 0.562517 0.433241 0.222297 
0.914457 0.370342 0.774438 0.640889 0.123295 0.977050 0.373760 0.227149 0.283792 0.520798 0.317148 
0.722068 0.677572 0.143590 0.718009 0.666555 0.537645 0.078402 0.581317 0.434919 0.073641 0.198828 
0.278695 0.434187 0.998688 0.063417 0.541368 0.750694 0.714438 0.985046 0.376568 0.025056 0.810999 
0.156896 0.814447 0.837428 0.036988 0.366649 0.891018 0.382977 0.397076 0.329447 0.773705 0.720328 
0.532273 0.171545 0.435896 0.373150 0.039979 0.095370 0.786493 0.566698 0.889645 0.757622 0.660482 
0.880154 0.590228 0.391400 0.577746 0.596332 0.266243 0.203925 0.675008 0.530168 0.297830 0.080630 
0.718253 0.616443 0.681814 0.127354 0.601489 0.038972 0.769463 0.081545 0.237861 0.181951 0.537858 
0.123905 0.249733 0.184545 0.050264 0.121769 0.363842 0.380688 0.262490 0.835108 0.917814 0.404523 
0.831141 0.117008 0.384106 0.243385 0.079867 0.639332 0.318003 0.019013 0.780572 0.175054 0.635517 
0.778954 0.904660 0.968474 0.627613 0.078310 0.001740 0.224586 0.617176 0.634602 0.361492 0.248970 
0.664632 0.835383 0.614612 0.269112 0.228706 0.381024 0.929868 0.468642 0.188574 0.843593 0.462844 
0.265877 0.133518 0.422529 0.213172 0.367687 0.326365 0.679464 0.945921 0.629810 0.247108 0.532212 
0.333689 0.255348 0.122868 0.290201 0.976073 0.362285 0.350291 0.012024 0.451735 0.451277 0.216926 
0.966430 0.060427 0.805261 0.827601 0.478103 0.410474 0.351817 0.642048 0.939726 0.508072 0.019898 
0.530381 0.270760 0.505264 0.121616 0.752068 0.605426 0.761895 0.790857 0.765252 0.489761 0.378368 
0.009796 0.272134 0.370251 0.855708 0.254677 0.407270 0.654378 0.038270 0.291574 0.474349 0.124851 
0.996399 0.154241 0.138279 0.988617 0.004364 0.834559 0.478591 0.341624 0.270760 0.717246 0.810236 
0.331309 0.576525 0.290078 0.678365 0.797205 0.477767 0.160344 0.933287 0.671407 0.229347 0.909818 
0.291421 0.920255 0.085238 0.818049 0.289224 0.307962 0.132084 0.986969 0.035646 0.764061 0.312326 
0.896420 0.669851 0.635395 0.792932 0.922880 0.929960 0.604205 0.336161 0.852260 0.739952 0.553606 
0.828516 0.918210 0.219764 0.161229 0.624073 0.396832 0.025880 0.503128 0.858577 0.289529 0.428053 
0.448225 0.390576 0.124851 0.028687 0.125370 0.525468 0.410718 0.531083 0.243629 0.179418 0.768365 
0.462508 0.547624 0.638630 0.279153 0.259041 0.188665 0.570666 0.075564 0.617603 0.293344 0.444105 
0.707450 0.522019 0.510300 0.012543 0.314920 0.848994 0.817255 0.019196 0.139531 0.960662 0.368542 
0.778710 0.403882 0.189398 0.665456 0.791864 0.092318 0.621937 0.829432 0.050050 0.662862 0.087802 
0.260720 0.185278 0.222022 0.760063 0.462477 0.121982 0.194067 0.272591 0.312510 0.387463 0.015412 
0.762108 0.563372 0.736259 0.885647 0.739738 0.852229 0.245643 0.106479 0.198920 0.001709 0.537980 
0.040162 0.866298 0.893277 0.285989 0.217658 0.000824 0.693625 0.657888 0.629017 0.648610 0.716300 
0.857967 0.726310 0.758415 0.699240 0.419141 0.170934 0.065432 0.779351 0.403882 0.856105 0.148320 
0.945738 0.169408 0.236091 0.566515 0.252876 0.853633 0.493393 0.484054 0.574602 0.238014 0.574938 
0.685598 0.180181 0.143864 0.628742 0.391705 0.914518 0.017792 0.872158 0.778832 0.262307 0.862941 
0.423139 0.610858 0.078951 0.172246 0.125492 0.888058 0.268258 0.020020 0.899625 0.920164 0.188818 
0.967589 0.649770 0.729057 0.070254 0.940001 0.259468 0.188269 0.220161 0.729606 0.705710 0.804804 
0.303781 0.282723 0.823817 0.549669 0.476760 0.425916 0.753838 0.643849 0.652852 0.187750 0.599841 
0.705252 0.687765 0.372845 0.333415 0.163488 0.760002 0.543718 0.472396 0.348308 0.730461 0.067476 
0.566393 0.158147 0.761589 0.382977 0.020203 0.715171 0.977813 0.144841 0.286233 0.912595 0.447920 
0.401044 0.957457 0.261055 0.271218 0.459639 0.791864 0.940153 0.048341 0.601245 0.200018 0.460860 
0.518082 0.293558 0.226539 0.846126 0.641530 0.064089 0.557085 0.734855 0.914548 0.687216 0.581866 
0.316050 0.190405 0.842006 0.047304 0.499557 0.793054 0.897061 0.326518 0.228919 0.202643 0.978576 
0.840449 0.343547 0.095004 0.977630 0.660360 0.895505 0.015442 0.653432 0.823572 0.328043 0.468642 
0.488418 0.393078 0.421522 0.706046 0.451521 0.792627 0.412976 0.991394 0.325938 0.448439 0.196142 
0.626514 0.757683 0.268777 0.007508 0.517655 0.680837 0.992889 0.505112 0.564318 0.276284 0.939848 
0.645985 0.651540 0.119755 0.189581 0.268960 0.527055 0.675649 0.726554 0.788598 0.344371 0.792596 
0.577349 0.906583 0.152989 0.357555 0.474197 0.747246 0.117466 0.764275 0.074496 0.323069 0.745933 
0.352000 0.268838 0.736351 0.909757 0.471999 0.607746 0.023499 0.935514 0.336406 0.378887 0.048494 
0.550371 0.307169 0.366161 0.350841 0.962340 0.780389 0.821314 0.355358 0.856410 0.322489 0.680044 
0.849330 0.588122 0.215125 0.553179 0.133366 0.355510 0.063875 0.524796 0.752770 0.630909 0.628132 
0.287973 0.214606 0.633595 0.527635 0.649922 0.597949 0.125065 0.982452 0.937223 0.462477 0.307382 
0.242286 0.332896 0.962645 0.106632 0.861476 0.676504 0.572558 0.622211 0.475906 0.757958 0.329112 
0.023377 0.238319 0.637226 0.998383 0.674551 0.567888 0.020203 0.072359 0.769982 0.370464 0.222907 
0.002106 0.259774 0.386029 0.754418 0.573290 0.348094 0.819147 0.050508 0.830561 0.344737 0.908750 
0.388836 0.457137 0.151646 0.593982 0.516923 0.015625 0.165441 0.931761 0.024293 0.956603 0.877010 
vetor pesos sinapticos final:
0.979136 0.704287 0.124282 0.848822 0.908730 0.967753 0.757511 0.938333 0.893624 0.590453 0.143265 
0.060224 0.566984 0.822058 0.586027 0.641815 0.126144 0.133438 0.983958 0.555204 0.753757 0.078810 
0.868324 0.125167 0.220324 0.612701 0.077375 0.231982 0.199877 0.268147 0.846320 0.166673 0.329611 
0.102797 0.594451 0.394310 0.545011 0.818640 0.191148 0.881660 0.721499 0.961649 0.981120 0.145737 
0.154068 0.608214 0.351035 0.679353 0.906167 0.443659 0.118423 0.909463 0.558591 0.639923 0.523831 
0.345297 0.390556 0.438196 0.107894 0.072401 0.523129 0.842810 0.254596 0.248066 0.057203 0.332846 
0.681428 0.755314 0.736697 0.997509 0.658417 0.671388 0.168229 1.001537 0.236621 0.706759 0.129104 
0.787114 0.267903 0.271168 0.994060 0.918008 0.496852 0.322958 0.812505 0.973002 0.506038 0.657624 
0.067487 0.393974 0.796483 0.792302 0.647583 0.695589 0.783604 0.102095 0.062574 0.942484 0.990978 
0.364707 0.435174 0.900124 0.222033 0.369346 0.298574 0.766056 0.992107 0.746433 0.732608 0.887306 
1.000957 0.674348 0.868629 0.370231 0.927987 0.619262 0.294972 0.989421 0.330801 0.764469 0.393944 
0.301534 0.928476 0.285359 0.141770 0.370689 0.050733 0.126480 0.402611 1.011028 0.535001 0.436609 
0.248127 0.953470 0.851020 0.318502 0.333426 0.842383 0.736026 0.049176 0.861243 0.468653 0.120620 
0.427179 0.164872 0.145249 0.626953 0.403100 0.441858 0.631775 0.420281 0.649536 0.669038 0.513699 
0.695528 0.226733 0.230609 0.443537 0.579741 1.000164 0.290425 0.149094 0.731753 0.966380 0.439447 
0.615814 0.420556 0.143173 0.650055 0.348868 0.363181 0.180711 0.068037 0.122177 0.103835 0.349265 
0.674104 0.119369 0.215106 0.060407 0.345175 0.873970 0.102797 0.577696 0.348014 0.914468 0.695589 
0.072645 0.795201 0.520840 0.800451 0.683351 0.095412 0.498592 0.405694 0.730594 0.929361 0.376640 
0.712191 0.748874 0.781834 0.935220 0.174638 0.487941 0.562223 0.470210 0.333609 0.541440 0.343741 
0.700014 0.720004 0.758518 0.753238 0.721133 0.613006 0.095046 0.042523 0.919137 0.932779 0.060712 
0.372856 0.240497 0.049085 0.417504 0.343192 0.732547 0.787511 0.287129 0.294179 0.756748 0.413659 
0.322287 0.418481 0.782323 0.877662 0.099013 0.209276 0.166306 0.099257 0.385765 0.277638 0.825872 
0.575499 0.445795 0.070539 0.209643 0.091750 0.029065 0.520352 0.474208 0.817480 0.209673 0.157181 
0.271748 0.568113 0.725375 0.715701 0.055311 0.514187 0.975138 0.766667 0.308065 0.118972 0.331534 
0.405968 0.602355 0.585753 0.923410 0.530911 0.895333 0.596312 0.545590 0.735751 0.966960 0.621704 
0.852088 0.357902 0.407128 0.586180 0.488368 0.705568 0.057508 0.166367 0.319631 0.998119 0.314993 
0.506161 0.410821 0.050977 0.202501 0.628967 0.914956 0.235675 0.613921 0.328329 0.525845 0.746494 
0.638702 0.818670 0.651734 0.705080 0.373252 0.926614 0.965495 0.134323 0.124466 0.104873 0.488307 
0.332358 0.412469 0.049604 0.862830 0.678468 0.678102 0.202349 0.971873 0.401635 0.101943 0.918221 
0.559110 0.343466 0.440973 0.581267 1.008160 0.246418 0.288777 0.448267 0.935739 0.598449 0.666047 
0.502468 0.755985 0.566068 0.347464 0.098189 0.871284 0.045911 0.830908 0.677705 0.646729 0.367210 
0.355765 0.341696 0.823584 0.675691 0.876197 0.554563 0.528897 0.530179 0.395531 0.765415 0.536679 
0.743839 0.568815 0.226794 0.937631 1.000286 0.978404 0.791509 0.872963 0.276600 0.990306 0.969462 
0.489253 0.604308 0.596495 0.025372 0.770085 0.199236 0.149948 0.398949 0.400811 0.492000 0.398430 
0.228320 0.323019 0.089980 0.723361 0.258381 0.134537 0.202318 0.989970 0.915231 0.991283 0.558927 
0.915353 0.827551 0.167497 0.354911 0.359733 0.577055 0.930551 0.251850 0.448572 0.958109 0.886024 
0.966593 0.930185 0.528714 0.450159 0.479365 0.676606 0.733768 0.605285 0.392510 0.733096 0.381584 
0.594817 0.470484 0.822363 0.755527 0.713839 0.892922 0.710665 0.141251 0.851783 0.251850 0.341147 
0.051709 0.943125 0.824285 0.141129 0.930124 0.982768 0.151413 0.409295 0.613189 0.761967 0.455805 
0.189531 0.334982 0.981151 0.927499 0.537076 0.553434 0.896187 0.410760 0.583586 0.379875 0.153855 
0.522488 0.307241 0.893837 0.973124 0.733096 0.414300 0.123519 0.328421 0.442041 0.238147 0.973796 
0.291097 0.578520 0.061994 0.882240 0.185136 0.758762 0.772160 0.485744 0.713961 0.531216 0.246936 
0.077284 0.713870 0.741153 0.388847 0.135544 0.690736 0.545102 0.205034 0.707766 0.796269 0.107558 
0.843299 0.927499 0.399926 0.510158 0.988872 0.448206 0.912728 0.905129 0.529355 0.074415 1.019299 
0.444055 0.893196 0.371147 0.974437 1.013531 0.968058 0.533047 0.120223 0.308340 1.005932 0.294911 
0.280354 0.274098 0.420617 0.163956 0.187364 0.450006 0.883888 0.756168 0.599425 0.243518 0.627044 
0.516873 0.263020 0.667756 0.353476 0.607665 0.377311 0.572966 0.669190 0.240650 0.716830 0.903542 
0.436609 0.240833 0.068617 1.011730 0.959116 0.118637 0.140183 0.558897 0.401329 0.433404 0.594023 
0.036328 0.352347 0.728793 0.365867 0.436304 0.937723 0.822210 0.922036 0.104476 0.386253 0.728640 
0.612487 0.305715 0.458643 1.000652 0.776158 0.533688 0.643158 0.765659 0.754062 0.095900 0.525540 
0.241535 0.467066 1.005504 0.238757 1.012341 0.714480 0.710818 0.399163 0.844611 0.849402 0.694185 
0.435297 0.326315 0.987224 0.471034 0.715395 0.109206 0.403893 1.020733 0.379997 0.035657 0.279591 
0.180162 0.286031 0.932077 0.444483 0.031720 0.968211 0.348868 0.282551 0.816320 1.024517 0.029736 
0.450190 0.403313 0.831671 0.390038 0.565061 0.848365 0.996807 0.786504 0.522305 0.070051 0.451929 
0.859199 0.593627 0.177446 0.597075 0.726840 0.966227 0.478816 0.398552 0.317159 0.876960 0.703432 
0.848578 0.613067 0.998760 0.467677 0.692354 0.096022 0.235248 0.516171 0.829260 0.168229 0.579832 
0.769901 0.293721 0.834143 0.195085 0.712008 0.222766 0.423486 0.369804 0.142777 0.715945 0.636169 
0.508633 0.835150 0.994152 0.690920 0.811407 0.121566 0.763432 0.858497 0.798284 0.944162 0.190416 
0.161118 0.336630 0.398430 0.394951 0.519131 0.326223 0.303151 0.866767 0.125930 0.698946 0.826178 
0.712099 0.333090 0.889015 0.698488 0.136887 0.826056 0.430292 0.047345 0.072309 0.372398 0.836920 
0.379905 0.349173 0.923593 0.423059 0.748142 0.327414 0.351279 0.218646 0.627136 0.387077 0.599913 
0.637085 0.537137 0.186662 0.536343 0.050824 0.941171 0.095290 0.278187 0.931863 0.449305 0.705202 
0.281727 0.712466 0.860755 0.830267 0.971049 1.023327 0.075026 0.897316 0.189226 0.464503 0.403740 
0.136063 0.253223 0.566068 0.313741 0.474543 0.893501 0.094405 0.133499 0.545224 0.859382 0.360343 
0.753147 0.709261 0.472163 0.685701 0.850409 0.504360 0.906411 0.684053 0.672822 0.422692 0.481044 
0.512386 0.908089 0.425164 0.741489 0.749698 0.673310 0.098311 0.614196 0.058576 0.154923 0.859992 
0.414483 0.286610 0.930063 0.120101 0.989238 0.163041 0.500606 0.802770 0.775669 0.247852 0.072126 
0.135849 0.057264 0.288655 0.107223 0.114700 0.198351 0.642304 0.686342 0.545468 0.138290 0.916970 
0.205889 0.075148 0.926736 0.491512 0.445948 0.114089 0.581175 0.067701 0.538083 0.057264 0.048139 
0.912087 0.864814 0.710635 0.548886 0.943430 0.422082 0.328909 0.091200 0.322317 0.675966 0.170823 
0.428644 0.698854 0.444361 0.978343 0.248035 0.774601 0.835852 0.285695 0.867042 0.335593 0.775975 
0.965067 0.222277 0.412102 0.153000 0.914651 0.430230 0.721591 0.113906 0.295552 0.701418 0.051069 
0.542111 0.223895 0.889168 0.735538 0.247730 0.324087 0.454706 0.887733 0.902779 0.049756 0.129471 
0.536649 0.250690 0.178483 0.055707 0.330252 0.623504 0.386772 0.687044 0.959025 0.296224 0.310934 
0.229968 0.956064 0.710696 1.001171 0.907754 0.031140 0.099532 0.173722 0.827612 0.593535 0.542264 
0.168962 0.732913 0.620697 0.983745 1.020031 0.421105 0.529202 0.246936 0.539487 0.109267 0.203600 
0.571379 0.829718 0.527859 0.839789 0.707827 0.123367 1.024334 0.759067 0.100966 0.360129 0.457850 
0.849219 0.191484 0.406090 0.166245 0.788731 0.368186 0.321890 0.786381 0.710574 0.601897 0.586089 
0.209276 0.461420 0.292348 0.679628 0.451563 0.113235 0.359092 0.938089 0.723727 0.882637 0.107863 
0.077681 0.477198 0.114913 0.903450 0.301381 0.711153 0.488948 0.180620 0.391167 0.320242 0.098586 
0.824255 0.693208 0.764622 0.567747 0.449427 0.401452 0.843573 0.854590 0.613769 0.046765 0.853705 
0.901589 0.492214 0.597075 0.913522 0.787572 0.046155 0.074903 0.734775 0.537839 0.217791 0.099471 
0.622741 0.248706 0.181352 0.257984 0.986095 0.683137 0.181962 0.713900 0.137680 0.992595 0.993907 
0.957438 0.667939 0.722964 0.529019 0.104995 0.171281 0.759220 0.626983 0.653901 0.607818 0.366172 
0.558225 0.097792 0.080641 0.981151 0.271229 0.310598 0.310659 0.914559 0.915109 0.103286 0.589751 
0.615447 0.668733 0.861610 0.493862 0.657227 0.407921 0.669374 0.136978 0.100753 0.241718 0.825018 
0.247486 0.390343 0.449060 0.156449 0.847937 0.439356 0.846869 0.041364 0.819525 0.061506 0.121444 
0.538541 0.132889 0.404107 0.153702 0.536954 0.025830 0.539426 0.869941 0.328665 0.909707 0.870582 
0.648987 0.511837 0.285512 0.508205 0.817755 0.629883 0.451227 0.273915 0.265247 0.453394 0.280964 
0.487148 0.707796 0.310934 0.858131 0.191148 0.634979 0.374595 0.242969 0.975169 0.469233 0.307210 
0.156418 0.047986 0.969248 0.177079 0.861030 0.720278 0.408715 0.046308 1.020367 0.950907 0.561887 
0.139603 0.818365 0.114181 0.026867 0.999004 0.119674 0.644196 0.918252 0.531338 0.952128 0.711855 
0.459772 0.354789 0.092696 0.592040 0.509121 0.350028 0.038556 0.875923 0.545194 0.823004 0.143692 
0.185442 0.149674 0.185319 0.203173 0.546262 0.514095 0.558286 0.265644 0.074415 1.003338 0.207110 
0.955881 0.134659 0.307119 0.211535 0.087904 0.624878 0.210680 0.278798 0.851081 0.544187 0.515804 
0.105666 0.348807 0.500576 0.143418 0.195452 0.772953 0.313772 0.949198 0.536343 0.993389 0.370475 
0.283162 0.047284 0.845526 0.887733 0.825048 0.197802 0.895912 0.740482 0.725558 0.707766 0.967845 
1.010296 0.586394 0.733615 0.207751 0.910531 0.308828 0.446985 0.974162 0.245166 0.342917 0.412438 
0.329825 0.056714 0.368156 0.669953 0.419000 0.620086 0.937296 0.928964 0.510372 0.438257 0.114120 
0.779820 0.987498 0.396233 0.636658 0.329367 0.067579 0.729495 0.636963 0.166154 0.530301 0.962962 
0.448938 0.062452 0.237231 0.477015 0.535245 0.318380 0.723941 0.857001 0.064375 0.155228 0.645355 
0.681581 0.169908 0.063764 0.355918 0.907387 0.421899 0.513729 0.405907 0.505245 0.543149 0.931009 
0.234820 0.504726 0.900399 0.348716 0.843421 0.103286 0.802282 0.638275 0.725528 0.995830 0.135239 
0.726718 0.840674 0.581419 0.368614 0.706698 0.909310 0.203142 0.459803 0.245410 0.811254 0.077559 
0.691499 0.198442 0.369071 0.069471 0.971598 0.834875 0.297383 0.969126 0.627136 0.580198 0.599486 
0.427270 0.223895 0.682893 0.192400 0.204882 0.442407 0.711245 0.042005 0.893379 0.542050 0.286122 
0.588591 0.762058 0.443994 0.956919 0.745304 0.888435 0.964915 0.625641 0.249652 0.228290 0.232013 
0.426782 0.650116 0.781407 0.811224 0.467829 0.708498 0.508877 0.579222 0.337973 0.499660 0.159226 
0.871101 0.790135 0.989848 0.658509 0.934640 0.503444 0.374565 0.221240 0.222277 0.331808 0.957865 
0.838507 0.552610 0.945230 0.853278 0.298726 0.671754 0.269764 0.288930 0.398705 0.246753 0.632782 
0.796971 0.499477 0.821905 1.019329 0.069135 0.084700 0.768772 0.346183 0.759830 0.477229 0.762180 
0.159928 1.017132 0.369712 0.812322 0.664552 1.024243 0.326376 0.385246 0.486049 0.331473 0.911599 
0.642029 0.079115 0.260822 0.601378 0.328634 0.182908 0.163682 0.134903 0.347342 0.231738 0.813757 
0.461207 0.540982 0.127212 0.715579 0.938089 0.721469 0.277974 0.610717 0.939127 0.473506 0.313009 
0.962077 0.525265 0.765202 0.375480 0.698244 0.336935 0.896370 0.402428 0.998821 0.363395 0.815954 
0.297353 0.401787 0.744785 0.340079 0.401482 1.014843 0.264301 0.301534 0.170182 0.110854 0.685457 
0.162064 0.460780 0.890175 0.591673 0.119125 0.337607 0.689272 0.884010 0.237781 0.801458 0.418633 
0.593169 0.639221 0.348410 0.510158 0.162370 0.277363 0.765781 0.155350 0.857276 0.334402 0.069837 
0.116226 0.458735 0.766941 0.993083 0.889442 0.895546 0.033429 0.925943 0.505001 0.972239 0.535001 
0.720400 0.741641 0.849494 0.799962 0.260761 0.038709 0.432275 0.943949 0.208422 0.887123 0.322653 
0.436578 0.826727 0.979747 0.493312 0.706270 0.292104 0.902962 0.337759 0.613677 0.397820 0.650544 
0.254200 0.326162 0.056562 0.740878 0.418450 0.623352 0.507992 0.219012 0.902810 0.165879 0.637787 
0.324881 0.796666 0.758304 0.314230 0.108474 0.485500 0.137070 0.148453 0.773960 0.744327 0.315725 
0.585081 0.032971 0.801702 1.017254 0.728793 0.249622 0.030713 0.226245 0.813818 0.657258 0.423425 
0.391106 0.722110 0.428766 0.504268 0.307882 0.456629 0.882088 0.839789 0.217089 0.975901 0.601104 
0.799688 0.144791 0.296102 0.754337 0.726565 1.018719 0.267323 0.391899 0.169877 0.591338 0.929422 
1.002208 0.340720 0.700838 0.854346 0.109725 0.443231 0.900917 0.381431 0.195207 0.039868 0.991313 
0.151047 0.719027 0.105361 0.479823 0.843390 0.529599 0.926950 0.507229 0.528866 0.437708 0.506252 
0.266316 0.535763 0.238208 0.619598 0.446405 0.242023 0.959971 0.192400 0.734378 0.696810 0.625915 
0.144760 0.903725 0.478602 0.303792 0.363639 0.522610 0.695772 0.729526 0.958323 0.812536 0.536038 
0.283711 0.455347 0.688264 0.271076 0.603179 0.089308 0.511135 0.122146 0.608428 0.845374 0.586027 
0.893807 0.228290 0.409905 0.934152 0.780797 0.603393 0.686098 0.372032 0.255756 0.048871 0.029522 
0.428888 0.442621 0.558622 0.861488 0.132645 0.882973 0.131515 0.814703 0.196794 0.100936 0.701265 
0.069105 0.638519 0.873695 0.950815 0.033215 0.359885 0.612487 0.793157 0.027142 0.723330 0.762028 
0.799108 0.124160 0.652070 0.623138 0.353660 0.806493 0.287770 0.505886 0.822149 0.591979 0.735599 
0.618743 0.507290 0.287617 0.928567 0.600493 0.678804 0.026257 0.142441 0.100905 0.456202 0.742832 
0.192156 0.316549 0.826544 0.246204 0.840888 0.887794 0.578062 0.543149 0.453760 0.063551 0.431329 
0.570188 0.426599 0.539822 0.148545 0.990367 0.421289 0.878120 0.902993 0.210223 0.939279 0.910531 
0.689088 0.274098 0.264057 0.037091 0.055189 0.791539 0.304036 0.822302 0.939493 0.553861 0.366996 
0.796178 0.890846 0.997081 0.397728 0.867225 0.455622 0.165971 0.709322 0.252735 1.011913 0.337119 
0.740390 0.332785 0.832007 0.955759 0.868507 0.334555 0.654908 0.043683 0.811712 0.252735 0.549558 
0.734317 0.649201 0.912789 0.350791 0.090193 0.992320 0.582731 0.448206 0.860908 0.337149 0.040295 
0.210314 0.335867 0.130203 0.501247 0.824499 0.949686 0.578093 0.315176 0.834082 0.795323 0.732394 
0.835394 0.154282 0.701876 0.881630 0.368675 0.847693 0.033093 0.780827 0.611480 0.440546 0.862800 
0.750187 0.478694 0.061903 0.683290 0.174272 0.731082 0.185686 0.303762 0.432886 0.308034 0.257892 
0.093855 0.794530 0.771580 0.989604 0.229388 0.304433 0.767704 0.597289 0.096327 0.197710 0.912057 
0.771946 0.509304 0.869117 1.005108 0.657349 0.900368 0.930887 0.984111 0.620086 0.135330 0.389549 
0.517361 0.091139 0.112991 0.473323 0.647492 0.261616 0.803685 0.140793 0.389641 0.912759 0.883644 
0.802984 0.691103 0.162125 0.621582 0.289021 0.658417 0.407281 0.173112 0.587828 0.458552 0.247608 
0.939768 0.395653 0.799749 0.666200 0.148606 1.002361 0.399071 0.252460 0.309103 0.546109 0.342459 
0.747379 0.702883 0.168900 0.743320 0.691866 0.562955 0.103713 0.606627 0.460230 0.098952 0.224139 
0.304006 0.459498 1.023999 0.088728 0.566679 0.776005 0.739749 1.010357 0.401879 0.050367 0.836310 
0.182207 0.839758 0.862739 0.062299 0.391960 0.916329 0.408288 0.422387 0.354758 0.799016 0.745639 
0.557584 0.196855 0.461207 0.398461 0.065290 0.120681 0.811803 0.592009 0.914956 0.782933 0.685792 
0.905465 0.615539 0.416711 0.603057 0.621643 0.291554 0.229236 0.700319 0.555478 0.323141 0.105941 
0.743564 0.641754 0.707125 0.152665 0.626800 0.064283 0.794774 0.106856 0.263172 0.207262 0.563169 
0.149216 0.275044 0.209856 0.075575 0.147080 0.389153 0.405999 0.287801 0.860419 0.943125 0.429834 
0.856452 0.142319 0.409417 0.268696 0.105178 0.664643 0.343314 0.044324 0.805883 0.200365 0.660828 
0.804265 0.929971 0.993785 0.652924 0.103621 0.027050 0.249897 0.642487 0.659913 0.386803 0.274281 
0.689943 0.860694 0.639923 0.294423 0.254017 0.406334 0.955179 0.493953 0.213885 0.868904 0.488155 
0.291188 0.158829 0.447840 0.238483 0.392998 0.351676 0.704775 0.971232 0.655121 0.272419 0.557523 
0.359000 0.280659 0.148178 0.315511 1.001384 0.387596 0.375602 0.037335 0.477046 0.476588 0.242236 
0.991741 0.085738 0.830572 0.852912 0.503414 0.435785 0.377128 0.667359 0.965037 0.533383 0.045209 
0.555692 0.296071 0.530575 0.146927 0.777379 0.630737 0.787205 0.816168 0.790563 0.515072 0.403679 
0.035107 0.297444 0.395561 0.881019 0.279988 0.432580 0.679689 0.063581 0.316885 0.499660 0.150162 
1.021710 0.179551 0.163590 1.013927 0.029675 0.859870 0.503902 0.366935 0.296071 0.742557 0.835547 
0.356620 0.601836 0.315389 0.703676 0.822515 0.503078 0.185655 0.958597 0.696718 0.254658 0.935129 
0.316732 0.945566 0.110549 0.843360 0.314535 0.333273 0.157395 1.012279 0.060957 0.789372 0.337637 
0.921731 0.695162 0.660706 0.818243 0.948191 0.955271 0.629516 0.361472 0.877571 0.765263 0.578917 
0.853827 0.943521 0.245075 0.186540 0.649384 0.422143 0.051191 0.528439 0.883888 0.314840 0.453364 
0.473536 0.415887 0.150162 0.053998 0.150681 0.550779 0.436029 0.556394 0.268940 0.204729 0.793675 
0.487819 0.572935 0.663941 0.304464 0.284352 0.213976 0.595977 0.100875 0.642914 0.318655 0.469416 
0.732760 0.547330 0.535611 0.037854 0.340231 0.874305 0.842566 0.044507 0.164842 0.985973 0.393852 
0.804021 0.429193 0.214709 0.690767 0.817175 0.117629 0.647248 0.854743 0.075361 0.688173 0.113113 
0.286031 0.210589 0.247333 0.785374 0.487788 0.147293 0.219378 0.297902 0.337820 0.412774 0.040723 
0.787419 0.588683 0.761570 0.910958 0.765049 0.877540 0.270954 0.131790 0.224231 0.027020 0.563291 
0.065473 0.891609 0.918588 0.311300 0.242969 0.026135 0.718936 0.683198 0.654328 0.673921 0.741611 
0.883278 0.751621 0.783726 0.724551 0.444452 0.196245 0.090743 0.804662 0.429193 0.881416 0.173631 
0.971049 0.194719 0.261402 0.591826 0.278187 0.878944 0.518704 0.509365 0.599913 0.263325 0.600249 
0.710909 0.205492 0.169175 0.654053 0.417016 0.939829 0.043103 0.897469 0.804143 0.287617 0.888252 
0.448450 0.636169 0.104262 0.197557 0.150803 0.913369 0.293569 0.045331 0.924936 0.945474 0.214129 
0.992900 0.675080 0.754368 0.095565 0.965312 0.284779 0.213580 0.245471 0.754917 0.731021 0.830115 
0.329092 0.308034 0.849128 0.574980 0.502071 0.451227 0.779149 0.669160 0.678163 0.213061 0.625152 
0.730563 0.713076 0.398156 0.358726 0.188799 0.785313 0.569029 0.497707 0.373619 0.755771 0.092787 
0.591704 0.183458 0.786900 0.408288 0.045514 0.740482 1.003124 0.170152 0.311544 0.937906 0.473231 
0.426355 0.982768 0.286366 0.296529 0.484950 0.817175 0.965464 0.073652 0.626556 0.225329 0.486171 
0.543393 0.318868 0.251850 0.871437 0.666840 0.089400 0.582396 0.760166 0.939859 0.712527 0.607177 
0.341361 0.215716 0.867317 0.072615 0.524868 0.818365 0.922372 0.351828 0.254230 0.227954 1.003887 
0.865760 0.368858 0.120315 1.002941 0.685670 0.920816 0.040753 0.678743 0.848883 0.353354 0.493953 
0.513729 0.418389 0.446833 0.731357 0.476832 0.817938 0.438287 1.016705 0.351249 0.473750 0.221453 
0.651825 0.782994 0.294087 0.032818 0.542966 0.706148 1.018200 0.530423 0.589629 0.301595 0.965159 
0.671296 0.676851 0.145066 0.214892 0.294271 0.552366 0.700960 0.751865 0.813909 0.369682 0.817907 
0.602660 0.931894 0.178300 0.382866 0.499508 0.772557 0.142777 0.789586 0.099807 0.348380 0.771244 
0.377311 0.294148 0.761661 0.935068 0.497310 0.633057 0.048810 0.960825 0.361716 0.404198 0.073805 
0.575682 0.332480 0.391472 0.376152 0.987651 0.805700 0.846625 0.380668 0.881721 0.347800 0.705355 
0.874641 0.613433 0.240436 0.578489 0.158677 0.380821 0.089186 0.550107 0.778080 0.656220 0.653443 
0.313284 0.239917 0.658906 0.552945 0.675233 0.623260 0.150376 1.007763 0.962534 0.487788 0.332693 
0.267597 0.358207 0.987956 0.131943 0.886787 0.701815 0.597869 0.647522 0.501217 0.783269 0.354423 
0.048688 0.263630 0.662537 1.023693 0.699862 0.593199 0.045514 0.097670 0.795293 0.395775 0.248218 
0.027417 0.285084 0.411340 0.779728 0.598601 0.373405 0.844458 0.075819 0.855872 0.370048 0.934061 
0.414147 0.482448 0.176957 0.619293 0.542233 0.040936 0.190752 0.957072 0.049604 0.981914 0.902321 
@@@@@@@@@@@@@@@@

qtd epocas = 296


vetor com as saidas desejadas:
0.061100 0.286000 0.746400 0.483100 
0.510200 0.746400 0.086000 0.596500 
0.000400 0.691600 0.500600 0.531800 
0.943000 0.447600 0.264800 0.684300 
0.139900 0.161000 0.247700 0.287200 
0.642300 0.322900 0.856700 0.766300 
0.649200 0.000700 0.642200 0.566600 
0.181800 0.507800 0.904600 0.660100 
0.738200 0.264700 0.191600 0.542700 
0.387900 0.130700 0.865600 0.583600 
0.190300 0.652300 0.782000 0.695000 
0.840100 0.449000 0.271900 0.679000 
0.002900 0.326400 0.247600 0.295600 
0.708800 0.934200 0.276300 0.774200 
0.128300 0.188200 0.725300 0.466200 
0.888200 0.307700 0.893100 0.809300 
0.222500 0.918200 0.782000 0.758100 
0.195700 0.842300 0.308500 0.582600 
0.999100 0.591400 0.393300 0.793800 
y = 0.507132
y = 0.514269
y = 0.521407
y = 0.528544
y = 0.535677
y = 0.542803
y = 0.549918
y = 0.557021
y = 0.564108
y = 0.571176
y = 0.578222
y = 0.585244
y = 0.592238
y = 0.599203
y = 0.606134
y = 0.613031
y = 0.619889
y = 0.626707
y = 0.633482
y = 0.640211
